        56         6
      1440         0       inf         1         0         5         1         1         1         0       inf
      1440         0       inf         3         3       288       426         4       288       426         5       288       426         1         2         0         5
      1440         0       inf         1         1         5         1         1         3         0        10
      1440         0       inf         3         3        72       426         4        72       426         5        72       426         1         4         0         5
      1440         0       inf         1         2        10         1         0
      1440         0       inf         1         0         5         1         1         6         0       inf
      1440         0       inf         3         3       491       920         4       491       920         5       491       920         1         7         0         5
      1440         0       inf         1         1         5         1         1         8         0        10
      1440         0       inf         3         3       122       920         4       122       920         5       122       920         1         9         0         5
      1440         0       inf         1         2        10         1         1        10         0        10
      1440         0       inf         3         3       122       920         4       122       920         5       122       920         1        11         0         5
      1440         0       inf         1         2        10         1         0
      1440         0       inf         1         0         5         1         1        13         0       inf
      1440         0       inf         3         3       587       610         4       587       610         5       587       610         1        14         0         5
      1440         0       inf         1         1         5         1         1        15         0        10
      1440         0       inf         3         3       146       610         4       146       610         5       146       610         1        16         0         5
      1440         0       inf         1         2        10         1         0
      1440         0       inf         1         0         5         1         1        18         0       inf
      1440         0       inf         3         3       491       920         4       491       920         5       491       920         1        19         0         5
      1440         0       inf         1         1         5         1         1        20         0        10
      1440         0       inf         3         3       122       920         4       122       920         5       122       920         1        21         0         5
      1440         0       inf         1         2        10         1         1        22         0        10
      1440         0       inf         3         3       122       920         4       122       920         5       122       920         1        23         0         5
      1440         0       inf         1         2        10         1         0
      1440         0       inf         1         0         5         1         1        25         0       inf
      1440         0       inf         3         3       587       610         4       587       610         5       587       610         1        26         0         5
      1440         0       inf         1         1         5         1         1        27         0        10
      1440         0       inf         3         3       146       610         4       146       610         5       146       610         1        28         0         5
      1440         0       inf         1         2        10         1         0
      1440         0       inf         1         0         5         1         1        30         0       inf
      1440         0       inf         3         3       247       210         4       247       210         5       247       210         1        31         0         5
      1440         0       inf         1         1         5         1         1        32         0        10
      1440         0       inf         3         3        61       210         4        61       210         5        61       210         1        33         0         5
      1440         0       inf         1         2        10         1         0
      1440         0       inf         1         0         5         1         1        35         0       inf
      1440         0       inf         3         3       587       610         4       587       610         5       587       610         1        36         0         5
      1440         0       inf         1         1         5         1         1        37         0        10
      1440         0       inf         3         3       146       610         4       146       610         5       146       610         1        38         0         5
      1440         0       inf         1         2        10         1         0
      1440         0       inf         1         0         5         1         1        40         0       inf
      1440         0       inf         3         3       491       920         4       491       920         5       491       920         1        41         0         5
      1440         0       inf         1         1         5         1         1        42         0        10
      1440         0       inf         3         3       122       920         4       122       920         5       122       920         1        43         0         5
      1440         0       inf         1         2        10         1         1        44         0        10
      1440         0       inf         3         3       122       920         4       122       920         5       122       920         1        45         0         5
      1440         0       inf         1         2        10         1         0
      1440         0       inf         1         0         5         1         1        47         0       inf
      1440         0       inf         3         3       247       210         4       247       210         5       247       210         1        48         0         5
      1440         0       inf         1         1         5         1         1        49         0        10
      1440         0       inf         3         3        61       210         4        61       210         5        61       210         1        50         0         5
      1440         0       inf         1         2        10         1         0
      1440         0       inf         1         0         5         1         1        52         0       inf
      1440         0       inf         3         3       587       610         4       587       610         5       587       610         1        53         0         5
      1440         0       inf         1         1         5         1         1        54         0        10
      1440         0       inf         3         3       146       610         4       146       610         5       146       610         1        55         0         5
      1440         0       inf         1         2        10         1         0

         1         0        90         0         5         5         0        12         5         0        17         5         0        24         5         0        29         5         0        34         5         0        39         5         0        46         5         0        51         5         5         0         5         5        12         5         5        17         5         5        24         5         5        29         5         5        34         5         5        39         5         5        46         5         5        51         5        12         0         5        12         5         5        12        17         5        12        24         5        12        29         5        12        34         5        12        39         5        12        46         5        12        51         5        17         0         5        17         5         5        17        12         5        17        24         5        17        29         5        17        34         5        17        39         5        17        46         5        17        51         5        24         0         5        24         5         5        24        12         5        24        17         5        24        29         5        24        34         5        24        39         5        24        46         5        24        51         5        29         0         5        29         5         5        29        12         5        29        17         5        29        24         5        29        34         5        29        39         5        29        46         5        29        51         5        34         0         5        34         5         5        34        12         5        34        17         5        34        24         5        34        29         5        34        39         5        34        46         5        34        51         5        39         0         5        39         5         5        39        12         5        39        17         5        39        24         5        39        29         5        39        34         5        39        46         5        39        51         5        46         0         5        46         5         5        46        12         5        46        17         5        46        24         5        46        29         5        46        34         5        46        39         5        46        51         5        51         0         5        51         5         5        51        12         5        51        17         5        51        24         5        51        29         5        51        34         5        51        39         5        51        46         5
         1         1        90         2         7         5         2        14         5         2        19         5         2        26         5         2        31         5         2        36         5         2        41         5         2        48         5         2        53         5         7         2         5         7        14         5         7        19         5         7        26         5         7        31         5         7        36         5         7        41         5         7        48         5         7        53         5        14         2         5        14         7         5        14        19         5        14        26         5        14        31         5        14        36         5        14        41         5        14        48         5        14        53         5        19         2         5        19         7         5        19        14         5        19        26         5        19        31         5        19        36         5        19        41         5        19        48         5        19        53         5        26         2         5        26         7         5        26        14         5        26        19         5        26        31         5        26        36         5        26        41         5        26        48         5        26        53         5        31         2         5        31         7         5        31        14         5        31        19         5        31        26         5        31        36         5        31        41         5        31        48         5        31        53         5        36         2         5        36         7         5        36        14         5        36        19         5        36        26         5        36        31         5        36        41         5        36        48         5        36        53         5        41         2         5        41         7         5        41        14         5        41        19         5        41        26         5        41        31         5        41        36         5        41        48         5        41        53         5        48         2         5        48         7         5        48        14         5        48        19         5        48        26         5        48        31         5        48        36         5        48        41         5        48        53         5        53         2         5        53         7         5        53        14         5        53        19         5        53        26         5        53        31         5        53        36         5        53        41         5        53        48         5
         1         2       156         4         9        15         4        11        15         4        16        15         4        21        15         4        23        15         4        28        15         4        33        15         4        38        15         4        43        15         4        45        15         4        50        15         4        55        15         9         4        15         9        11      -inf         9        16        15         9        21      -inf         9        23        15         9        28        15         9        33        15         9        38        15         9        43      -inf         9        45        15         9        50        15         9        55        15        11         4        15        11         9      -inf        11        16        15        11        21        15        11        23      -inf        11        28        15        11        33        15        11        38        15        11        43        15        11        45      -inf        11        50        15        11        55        15        16         4        15        16         9        15        16        11        15        16        21        15        16        23        15        16        28      -inf        16        33        15        16        38      -inf        16        43        15        16        45        15        16        50        15        16        55      -inf        21         4        15        21         9      -inf        21        11        15        21        16        15        21        23      -inf        21        28        15        21        33        15        21        38        15        21        43      -inf        21        45        15        21        50        15        21        55        15        23         4        15        23         9        15        23        11      -inf        23        16        15        23        21      -inf        23        28        15        23        33        15        23        38        15        23        43        15        23        45      -inf        23        50        15        23        55        15        28         4        15        28         9        15        28        11        15        28        16      -inf        28        21        15        28        23        15        28        33        15        28        38      -inf        28        43        15        28        45        15        28        50        15        28        55      -inf        33         4        15        33         9        15        33        11        15        33        16        15        33        21        15        33        23        15        33        28        15        33        38        15        33        43        15        33        45        15        33        50      -inf        33        55        15        38         4        15        38         9        15        38        11        15        38        16      -inf        38        21        15        38        23        15        38        28      -inf        38        33        15        38        43        15        38        45        15        38        50        15        38        55      -inf        43         4        15        43         9      -inf        43        11        15        43        16        15        43        21      -inf        43        23        15        43        28        15        43        33        15        43        38        15        43        45      -inf        43        50        15        43        55        15        45         4        15        45         9        15        45        11      -inf        45        16        15        45        21        15        45        23      -inf        45        28        15        45        33        15        45        38        15        45        43      -inf        45        50        15        45        55        15        50         4        15        50         9        15        50        11        15        50        16        15        50        21        15        50        23        15        50        28        15        50        33      -inf        50        38        15        50        43        15        50        45        15        50        55        15        55         4        15        55         9        15        55        11        15        55        16      -inf        55        21        15        55        23        15        55        28      -inf        55        33        15        55        38      -inf        55        43        15        55        45        15        55        50        15
      5000         3       506         1         3      -inf         1         6        30         1         8        30         1        10        30         1        13        30         1        15        30         1        18        30         1        20        30         1        22        30         1        25        30         1        27        30         1        30        30         1        32        30         1        35        30         1        37        30         1        40        30         1        42        30         1        44        30         1        47        30         1        49        30         1        52        30         1        54        30         3         1      -inf         3         6        30         3         8        30         3        10        30         3        13        30         3        15        30         3        18        30         3        20        30         3        22        30         3        25        30         3        27        30         3        30        30         3        32        30         3        35        30         3        37        30         3        40        30         3        42        30         3        44        30         3        47        30         3        49        30         3        52        30         3        54        30         6         1        30         6         3        30         6         8      -inf         6        10      -inf         6        13      -inf         6        15      -inf         6        18      -inf         6        20      -inf         6        22      -inf         6        25      -inf         6        27      -inf         6        30      -inf         6        32      -inf         6        35      -inf         6        37      -inf         6        40      -inf         6        42      -inf         6        44      -inf         6        47      -inf         6        49      -inf         6        52      -inf         6        54      -inf         8         1        30         8         3        30         8         6      -inf         8        10      -inf         8        13      -inf         8        15      -inf         8        18      -inf         8        20      -inf         8        22      -inf         8        25      -inf         8        27      -inf         8        30      -inf         8        32      -inf         8        35      -inf         8        37      -inf         8        40      -inf         8        42      -inf         8        44      -inf         8        47      -inf         8        49      -inf         8        52      -inf         8        54      -inf        10         1        30        10         3        30        10         6      -inf        10         8      -inf        10        13      -inf        10        15      -inf        10        18      -inf        10        20      -inf        10        22      -inf        10        25      -inf        10        27      -inf        10        30      -inf        10        32      -inf        10        35      -inf        10        37      -inf        10        40      -inf        10        42      -inf        10        44      -inf        10        47      -inf        10        49      -inf        10        52      -inf        10        54      -inf        13         1        30        13         3        30        13         6      -inf        13         8      -inf        13        10      -inf        13        15      -inf        13        18      -inf        13        20      -inf        13        22      -inf        13        25      -inf        13        27      -inf        13        30      -inf        13        32      -inf        13        35      -inf        13        37      -inf        13        40      -inf        13        42      -inf        13        44      -inf        13        47      -inf        13        49      -inf        13        52      -inf        13        54      -inf        15         1        30        15         3        30        15         6      -inf        15         8      -inf        15        10      -inf        15        13      -inf        15        18      -inf        15        20      -inf        15        22      -inf        15        25      -inf        15        27      -inf        15        30      -inf        15        32      -inf        15        35      -inf        15        37      -inf        15        40      -inf        15        42      -inf        15        44      -inf        15        47      -inf        15        49      -inf        15        52      -inf        15        54      -inf        18         1        30        18         3        30        18         6      -inf        18         8      -inf        18        10      -inf        18        13      -inf        18        15      -inf        18        20      -inf        18        22      -inf        18        25      -inf        18        27      -inf        18        30      -inf        18        32      -inf        18        35      -inf        18        37      -inf        18        40      -inf        18        42      -inf        18        44      -inf        18        47      -inf        18        49      -inf        18        52      -inf        18        54      -inf        20         1        30        20         3        30        20         6      -inf        20         8      -inf        20        10      -inf        20        13      -inf        20        15      -inf        20        18      -inf        20        22      -inf        20        25      -inf        20        27      -inf        20        30      -inf        20        32      -inf        20        35      -inf        20        37      -inf        20        40      -inf        20        42      -inf        20        44      -inf        20        47      -inf        20        49      -inf        20        52      -inf        20        54      -inf        22         1        30        22         3        30        22         6      -inf        22         8      -inf        22        10      -inf        22        13      -inf        22        15      -inf        22        18      -inf        22        20      -inf        22        25      -inf        22        27      -inf        22        30      -inf        22        32      -inf        22        35      -inf        22        37      -inf        22        40      -inf        22        42      -inf        22        44      -inf        22        47      -inf        22        49      -inf        22        52      -inf        22        54      -inf        25         1        30        25         3        30        25         6      -inf        25         8      -inf        25        10      -inf        25        13      -inf        25        15      -inf        25        18      -inf        25        20      -inf        25        22      -inf        25        27      -inf        25        30      -inf        25        32      -inf        25        35      -inf        25        37      -inf        25        40      -inf        25        42      -inf        25        44      -inf        25        47      -inf        25        49      -inf        25        52      -inf        25        54      -inf        27         1        30        27         3        30        27         6      -inf        27         8      -inf        27        10      -inf        27        13      -inf        27        15      -inf        27        18      -inf        27        20      -inf        27        22      -inf        27        25      -inf        27        30      -inf        27        32      -inf        27        35      -inf        27        37      -inf        27        40      -inf        27        42      -inf        27        44      -inf        27        47      -inf        27        49      -inf        27        52      -inf        27        54      -inf        30         1        30        30         3        30        30         6      -inf        30         8      -inf        30        10      -inf        30        13      -inf        30        15      -inf        30        18      -inf        30        20      -inf        30        22      -inf        30        25      -inf        30        27      -inf        30        32      -inf        30        35      -inf        30        37      -inf        30        40      -inf        30        42      -inf        30        44      -inf        30        47      -inf        30        49      -inf        30        52      -inf        30        54      -inf        32         1        30        32         3        30        32         6      -inf        32         8      -inf        32        10      -inf        32        13      -inf        32        15      -inf        32        18      -inf        32        20      -inf        32        22      -inf        32        25      -inf        32        27      -inf        32        30      -inf        32        35      -inf        32        37      -inf        32        40      -inf        32        42      -inf        32        44      -inf        32        47      -inf        32        49      -inf        32        52      -inf        32        54      -inf        35         1        30        35         3        30        35         6      -inf        35         8      -inf        35        10      -inf        35        13      -inf        35        15      -inf        35        18      -inf        35        20      -inf        35        22      -inf        35        25      -inf        35        27      -inf        35        30      -inf        35        32      -inf        35        37      -inf        35        40      -inf        35        42      -inf        35        44      -inf        35        47      -inf        35        49      -inf        35        52      -inf        35        54      -inf        37         1        30        37         3        30        37         6      -inf        37         8      -inf        37        10      -inf        37        13      -inf        37        15      -inf        37        18      -inf        37        20      -inf        37        22      -inf        37        25      -inf        37        27      -inf        37        30      -inf        37        32      -inf        37        35      -inf        37        40      -inf        37        42      -inf        37        44      -inf        37        47      -inf        37        49      -inf        37        52      -inf        37        54      -inf        40         1        30        40         3        30        40         6      -inf        40         8      -inf        40        10      -inf        40        13      -inf        40        15      -inf        40        18      -inf        40        20      -inf        40        22      -inf        40        25      -inf        40        27      -inf        40        30      -inf        40        32      -inf        40        35      -inf        40        37      -inf        40        42      -inf        40        44      -inf        40        47      -inf        40        49      -inf        40        52      -inf        40        54      -inf        42         1        30        42         3        30        42         6      -inf        42         8      -inf        42        10      -inf        42        13      -inf        42        15      -inf        42        18      -inf        42        20      -inf        42        22      -inf        42        25      -inf        42        27      -inf        42        30      -inf        42        32      -inf        42        35      -inf        42        37      -inf        42        40      -inf        42        44      -inf        42        47      -inf        42        49      -inf        42        52      -inf        42        54      -inf        44         1        30        44         3        30        44         6      -inf        44         8      -inf        44        10      -inf        44        13      -inf        44        15      -inf        44        18      -inf        44        20      -inf        44        22      -inf        44        25      -inf        44        27      -inf        44        30      -inf        44        32      -inf        44        35      -inf        44        37      -inf        44        40      -inf        44        42      -inf        44        47      -inf        44        49      -inf        44        52      -inf        44        54      -inf        47         1        30        47         3        30        47         6      -inf        47         8      -inf        47        10      -inf        47        13      -inf        47        15      -inf        47        18      -inf        47        20      -inf        47        22      -inf        47        25      -inf        47        27      -inf        47        30      -inf        47        32      -inf        47        35      -inf        47        37      -inf        47        40      -inf        47        42      -inf        47        44      -inf        47        49      -inf        47        52      -inf        47        54      -inf        49         1        30        49         3        30        49         6      -inf        49         8      -inf        49        10      -inf        49        13      -inf        49        15      -inf        49        18      -inf        49        20      -inf        49        22      -inf        49        25      -inf        49        27      -inf        49        30      -inf        49        32      -inf        49        35      -inf        49        37      -inf        49        40      -inf        49        42      -inf        49        44      -inf        49        47      -inf        49        52      -inf        49        54      -inf        52         1        30        52         3        30        52         6      -inf        52         8      -inf        52        10      -inf        52        13      -inf        52        15      -inf        52        18      -inf        52        20      -inf        52        22      -inf        52        25      -inf        52        27      -inf        52        30      -inf        52        32      -inf        52        35      -inf        52        37      -inf        52        40      -inf        52        42      -inf        52        44      -inf        52        47      -inf        52        49      -inf        52        54      -inf        54         1        30        54         3        30        54         6      -inf        54         8      -inf        54        10      -inf        54        13      -inf        54        15      -inf        54        18      -inf        54        20      -inf        54        22      -inf        54        25      -inf        54        27      -inf        54        30      -inf        54        32      -inf        54        35      -inf        54        37      -inf        54        40      -inf        54        42      -inf        54        44      -inf        54        47      -inf        54        49      -inf        54        52      -inf
      5000         3       506         1         3      -inf         1         6        30         1         8        30         1        10        30         1        13        30         1        15        30         1        18        30         1        20        30         1        22        30         1        25        30         1        27        30         1        30        30         1        32        30         1        35        30         1        37        30         1        40        30         1        42        30         1        44        30         1        47        30         1        49        30         1        52        30         1        54        30         3         1      -inf         3         6        30         3         8        30         3        10        30         3        13        30         3        15        30         3        18        30         3        20        30         3        22        30         3        25        30         3        27        30         3        30        30         3        32        30         3        35        30         3        37        30         3        40        30         3        42        30         3        44        30         3        47        30         3        49        30         3        52        30         3        54        30         6         1        30         6         3        30         6         8      -inf         6        10      -inf         6        13      -inf         6        15      -inf         6        18      -inf         6        20      -inf         6        22      -inf         6        25      -inf         6        27      -inf         6        30      -inf         6        32      -inf         6        35      -inf         6        37      -inf         6        40      -inf         6        42      -inf         6        44      -inf         6        47      -inf         6        49      -inf         6        52      -inf         6        54      -inf         8         1        30         8         3        30         8         6      -inf         8        10      -inf         8        13      -inf         8        15      -inf         8        18      -inf         8        20      -inf         8        22      -inf         8        25      -inf         8        27      -inf         8        30      -inf         8        32      -inf         8        35      -inf         8        37      -inf         8        40      -inf         8        42      -inf         8        44      -inf         8        47      -inf         8        49      -inf         8        52      -inf         8        54      -inf        10         1        30        10         3        30        10         6      -inf        10         8      -inf        10        13      -inf        10        15      -inf        10        18      -inf        10        20      -inf        10        22      -inf        10        25      -inf        10        27      -inf        10        30      -inf        10        32      -inf        10        35      -inf        10        37      -inf        10        40      -inf        10        42      -inf        10        44      -inf        10        47      -inf        10        49      -inf        10        52      -inf        10        54      -inf        13         1        30        13         3        30        13         6      -inf        13         8      -inf        13        10      -inf        13        15      -inf        13        18      -inf        13        20      -inf        13        22      -inf        13        25      -inf        13        27      -inf        13        30      -inf        13        32      -inf        13        35      -inf        13        37      -inf        13        40      -inf        13        42      -inf        13        44      -inf        13        47      -inf        13        49      -inf        13        52      -inf        13        54      -inf        15         1        30        15         3        30        15         6      -inf        15         8      -inf        15        10      -inf        15        13      -inf        15        18      -inf        15        20      -inf        15        22      -inf        15        25      -inf        15        27      -inf        15        30      -inf        15        32      -inf        15        35      -inf        15        37      -inf        15        40      -inf        15        42      -inf        15        44      -inf        15        47      -inf        15        49      -inf        15        52      -inf        15        54      -inf        18         1        30        18         3        30        18         6      -inf        18         8      -inf        18        10      -inf        18        13      -inf        18        15      -inf        18        20      -inf        18        22      -inf        18        25      -inf        18        27      -inf        18        30      -inf        18        32      -inf        18        35      -inf        18        37      -inf        18        40      -inf        18        42      -inf        18        44      -inf        18        47      -inf        18        49      -inf        18        52      -inf        18        54      -inf        20         1        30        20         3        30        20         6      -inf        20         8      -inf        20        10      -inf        20        13      -inf        20        15      -inf        20        18      -inf        20        22      -inf        20        25      -inf        20        27      -inf        20        30      -inf        20        32      -inf        20        35      -inf        20        37      -inf        20        40      -inf        20        42      -inf        20        44      -inf        20        47      -inf        20        49      -inf        20        52      -inf        20        54      -inf        22         1        30        22         3        30        22         6      -inf        22         8      -inf        22        10      -inf        22        13      -inf        22        15      -inf        22        18      -inf        22        20      -inf        22        25      -inf        22        27      -inf        22        30      -inf        22        32      -inf        22        35      -inf        22        37      -inf        22        40      -inf        22        42      -inf        22        44      -inf        22        47      -inf        22        49      -inf        22        52      -inf        22        54      -inf        25         1        30        25         3        30        25         6      -inf        25         8      -inf        25        10      -inf        25        13      -inf        25        15      -inf        25        18      -inf        25        20      -inf        25        22      -inf        25        27      -inf        25        30      -inf        25        32      -inf        25        35      -inf        25        37      -inf        25        40      -inf        25        42      -inf        25        44      -inf        25        47      -inf        25        49      -inf        25        52      -inf        25        54      -inf        27         1        30        27         3        30        27         6      -inf        27         8      -inf        27        10      -inf        27        13      -inf        27        15      -inf        27        18      -inf        27        20      -inf        27        22      -inf        27        25      -inf        27        30      -inf        27        32      -inf        27        35      -inf        27        37      -inf        27        40      -inf        27        42      -inf        27        44      -inf        27        47      -inf        27        49      -inf        27        52      -inf        27        54      -inf        30         1        30        30         3        30        30         6      -inf        30         8      -inf        30        10      -inf        30        13      -inf        30        15      -inf        30        18      -inf        30        20      -inf        30        22      -inf        30        25      -inf        30        27      -inf        30        32      -inf        30        35      -inf        30        37      -inf        30        40      -inf        30        42      -inf        30        44      -inf        30        47      -inf        30        49      -inf        30        52      -inf        30        54      -inf        32         1        30        32         3        30        32         6      -inf        32         8      -inf        32        10      -inf        32        13      -inf        32        15      -inf        32        18      -inf        32        20      -inf        32        22      -inf        32        25      -inf        32        27      -inf        32        30      -inf        32        35      -inf        32        37      -inf        32        40      -inf        32        42      -inf        32        44      -inf        32        47      -inf        32        49      -inf        32        52      -inf        32        54      -inf        35         1        30        35         3        30        35         6      -inf        35         8      -inf        35        10      -inf        35        13      -inf        35        15      -inf        35        18      -inf        35        20      -inf        35        22      -inf        35        25      -inf        35        27      -inf        35        30      -inf        35        32      -inf        35        37      -inf        35        40      -inf        35        42      -inf        35        44      -inf        35        47      -inf        35        49      -inf        35        52      -inf        35        54      -inf        37         1        30        37         3        30        37         6      -inf        37         8      -inf        37        10      -inf        37        13      -inf        37        15      -inf        37        18      -inf        37        20      -inf        37        22      -inf        37        25      -inf        37        27      -inf        37        30      -inf        37        32      -inf        37        35      -inf        37        40      -inf        37        42      -inf        37        44      -inf        37        47      -inf        37        49      -inf        37        52      -inf        37        54      -inf        40         1        30        40         3        30        40         6      -inf        40         8      -inf        40        10      -inf        40        13      -inf        40        15      -inf        40        18      -inf        40        20      -inf        40        22      -inf        40        25      -inf        40        27      -inf        40        30      -inf        40        32      -inf        40        35      -inf        40        37      -inf        40        42      -inf        40        44      -inf        40        47      -inf        40        49      -inf        40        52      -inf        40        54      -inf        42         1        30        42         3        30        42         6      -inf        42         8      -inf        42        10      -inf        42        13      -inf        42        15      -inf        42        18      -inf        42        20      -inf        42        22      -inf        42        25      -inf        42        27      -inf        42        30      -inf        42        32      -inf        42        35      -inf        42        37      -inf        42        40      -inf        42        44      -inf        42        47      -inf        42        49      -inf        42        52      -inf        42        54      -inf        44         1        30        44         3        30        44         6      -inf        44         8      -inf        44        10      -inf        44        13      -inf        44        15      -inf        44        18      -inf        44        20      -inf        44        22      -inf        44        25      -inf        44        27      -inf        44        30      -inf        44        32      -inf        44        35      -inf        44        37      -inf        44        40      -inf        44        42      -inf        44        47      -inf        44        49      -inf        44        52      -inf        44        54      -inf        47         1        30        47         3        30        47         6      -inf        47         8      -inf        47        10      -inf        47        13      -inf        47        15      -inf        47        18      -inf        47        20      -inf        47        22      -inf        47        25      -inf        47        27      -inf        47        30      -inf        47        32      -inf        47        35      -inf        47        37      -inf        47        40      -inf        47        42      -inf        47        44      -inf        47        49      -inf        47        52      -inf        47        54      -inf        49         1        30        49         3        30        49         6      -inf        49         8      -inf        49        10      -inf        49        13      -inf        49        15      -inf        49        18      -inf        49        20      -inf        49        22      -inf        49        25      -inf        49        27      -inf        49        30      -inf        49        32      -inf        49        35      -inf        49        37      -inf        49        40      -inf        49        42      -inf        49        44      -inf        49        47      -inf        49        52      -inf        49        54      -inf        52         1        30        52         3        30        52         6      -inf        52         8      -inf        52        10      -inf        52        13      -inf        52        15      -inf        52        18      -inf        52        20      -inf        52        22      -inf        52        25      -inf        52        27      -inf        52        30      -inf        52        32      -inf        52        35      -inf        52        37      -inf        52        40      -inf        52        42      -inf        52        44      -inf        52        47      -inf        52        49      -inf        52        54      -inf        54         1        30        54         3        30        54         6      -inf        54         8      -inf        54        10      -inf        54        13      -inf        54        15      -inf        54        18      -inf        54        20      -inf        54        22      -inf        54        25      -inf        54        27      -inf        54        30      -inf        54        32      -inf        54        35      -inf        54        37      -inf        54        40      -inf        54        42      -inf        54        44      -inf        54        47      -inf        54        49      -inf        54        52      -inf
      5000         3       506         1         3      -inf         1         6        30         1         8        30         1        10        30         1        13        30         1        15        30         1        18        30         1        20        30         1        22        30         1        25        30         1        27        30         1        30        30         1        32        30         1        35        30         1        37        30         1        40        30         1        42        30         1        44        30         1        47        30         1        49        30         1        52        30         1        54        30         3         1      -inf         3         6        30         3         8        30         3        10        30         3        13        30         3        15        30         3        18        30         3        20        30         3        22        30         3        25        30         3        27        30         3        30        30         3        32        30         3        35        30         3        37        30         3        40        30         3        42        30         3        44        30         3        47        30         3        49        30         3        52        30         3        54        30         6         1        30         6         3        30         6         8      -inf         6        10      -inf         6        13      -inf         6        15      -inf         6        18      -inf         6        20      -inf         6        22      -inf         6        25      -inf         6        27      -inf         6        30      -inf         6        32      -inf         6        35      -inf         6        37      -inf         6        40      -inf         6        42      -inf         6        44      -inf         6        47      -inf         6        49      -inf         6        52      -inf         6        54      -inf         8         1        30         8         3        30         8         6      -inf         8        10      -inf         8        13      -inf         8        15      -inf         8        18      -inf         8        20      -inf         8        22      -inf         8        25      -inf         8        27      -inf         8        30      -inf         8        32      -inf         8        35      -inf         8        37      -inf         8        40      -inf         8        42      -inf         8        44      -inf         8        47      -inf         8        49      -inf         8        52      -inf         8        54      -inf        10         1        30        10         3        30        10         6      -inf        10         8      -inf        10        13      -inf        10        15      -inf        10        18      -inf        10        20      -inf        10        22      -inf        10        25      -inf        10        27      -inf        10        30      -inf        10        32      -inf        10        35      -inf        10        37      -inf        10        40      -inf        10        42      -inf        10        44      -inf        10        47      -inf        10        49      -inf        10        52      -inf        10        54      -inf        13         1        30        13         3        30        13         6      -inf        13         8      -inf        13        10      -inf        13        15      -inf        13        18      -inf        13        20      -inf        13        22      -inf        13        25      -inf        13        27      -inf        13        30      -inf        13        32      -inf        13        35      -inf        13        37      -inf        13        40      -inf        13        42      -inf        13        44      -inf        13        47      -inf        13        49      -inf        13        52      -inf        13        54      -inf        15         1        30        15         3        30        15         6      -inf        15         8      -inf        15        10      -inf        15        13      -inf        15        18      -inf        15        20      -inf        15        22      -inf        15        25      -inf        15        27      -inf        15        30      -inf        15        32      -inf        15        35      -inf        15        37      -inf        15        40      -inf        15        42      -inf        15        44      -inf        15        47      -inf        15        49      -inf        15        52      -inf        15        54      -inf        18         1        30        18         3        30        18         6      -inf        18         8      -inf        18        10      -inf        18        13      -inf        18        15      -inf        18        20      -inf        18        22      -inf        18        25      -inf        18        27      -inf        18        30      -inf        18        32      -inf        18        35      -inf        18        37      -inf        18        40      -inf        18        42      -inf        18        44      -inf        18        47      -inf        18        49      -inf        18        52      -inf        18        54      -inf        20         1        30        20         3        30        20         6      -inf        20         8      -inf        20        10      -inf        20        13      -inf        20        15      -inf        20        18      -inf        20        22      -inf        20        25      -inf        20        27      -inf        20        30      -inf        20        32      -inf        20        35      -inf        20        37      -inf        20        40      -inf        20        42      -inf        20        44      -inf        20        47      -inf        20        49      -inf        20        52      -inf        20        54      -inf        22         1        30        22         3        30        22         6      -inf        22         8      -inf        22        10      -inf        22        13      -inf        22        15      -inf        22        18      -inf        22        20      -inf        22        25      -inf        22        27      -inf        22        30      -inf        22        32      -inf        22        35      -inf        22        37      -inf        22        40      -inf        22        42      -inf        22        44      -inf        22        47      -inf        22        49      -inf        22        52      -inf        22        54      -inf        25         1        30        25         3        30        25         6      -inf        25         8      -inf        25        10      -inf        25        13      -inf        25        15      -inf        25        18      -inf        25        20      -inf        25        22      -inf        25        27      -inf        25        30      -inf        25        32      -inf        25        35      -inf        25        37      -inf        25        40      -inf        25        42      -inf        25        44      -inf        25        47      -inf        25        49      -inf        25        52      -inf        25        54      -inf        27         1        30        27         3        30        27         6      -inf        27         8      -inf        27        10      -inf        27        13      -inf        27        15      -inf        27        18      -inf        27        20      -inf        27        22      -inf        27        25      -inf        27        30      -inf        27        32      -inf        27        35      -inf        27        37      -inf        27        40      -inf        27        42      -inf        27        44      -inf        27        47      -inf        27        49      -inf        27        52      -inf        27        54      -inf        30         1        30        30         3        30        30         6      -inf        30         8      -inf        30        10      -inf        30        13      -inf        30        15      -inf        30        18      -inf        30        20      -inf        30        22      -inf        30        25      -inf        30        27      -inf        30        32      -inf        30        35      -inf        30        37      -inf        30        40      -inf        30        42      -inf        30        44      -inf        30        47      -inf        30        49      -inf        30        52      -inf        30        54      -inf        32         1        30        32         3        30        32         6      -inf        32         8      -inf        32        10      -inf        32        13      -inf        32        15      -inf        32        18      -inf        32        20      -inf        32        22      -inf        32        25      -inf        32        27      -inf        32        30      -inf        32        35      -inf        32        37      -inf        32        40      -inf        32        42      -inf        32        44      -inf        32        47      -inf        32        49      -inf        32        52      -inf        32        54      -inf        35         1        30        35         3        30        35         6      -inf        35         8      -inf        35        10      -inf        35        13      -inf        35        15      -inf        35        18      -inf        35        20      -inf        35        22      -inf        35        25      -inf        35        27      -inf        35        30      -inf        35        32      -inf        35        37      -inf        35        40      -inf        35        42      -inf        35        44      -inf        35        47      -inf        35        49      -inf        35        52      -inf        35        54      -inf        37         1        30        37         3        30        37         6      -inf        37         8      -inf        37        10      -inf        37        13      -inf        37        15      -inf        37        18      -inf        37        20      -inf        37        22      -inf        37        25      -inf        37        27      -inf        37        30      -inf        37        32      -inf        37        35      -inf        37        40      -inf        37        42      -inf        37        44      -inf        37        47      -inf        37        49      -inf        37        52      -inf        37        54      -inf        40         1        30        40         3        30        40         6      -inf        40         8      -inf        40        10      -inf        40        13      -inf        40        15      -inf        40        18      -inf        40        20      -inf        40        22      -inf        40        25      -inf        40        27      -inf        40        30      -inf        40        32      -inf        40        35      -inf        40        37      -inf        40        42      -inf        40        44      -inf        40        47      -inf        40        49      -inf        40        52      -inf        40        54      -inf        42         1        30        42         3        30        42         6      -inf        42         8      -inf        42        10      -inf        42        13      -inf        42        15      -inf        42        18      -inf        42        20      -inf        42        22      -inf        42        25      -inf        42        27      -inf        42        30      -inf        42        32      -inf        42        35      -inf        42        37      -inf        42        40      -inf        42        44      -inf        42        47      -inf        42        49      -inf        42        52      -inf        42        54      -inf        44         1        30        44         3        30        44         6      -inf        44         8      -inf        44        10      -inf        44        13      -inf        44        15      -inf        44        18      -inf        44        20      -inf        44        22      -inf        44        25      -inf        44        27      -inf        44        30      -inf        44        32      -inf        44        35      -inf        44        37      -inf        44        40      -inf        44        42      -inf        44        47      -inf        44        49      -inf        44        52      -inf        44        54      -inf        47         1        30        47         3        30        47         6      -inf        47         8      -inf        47        10      -inf        47        13      -inf        47        15      -inf        47        18      -inf        47        20      -inf        47        22      -inf        47        25      -inf        47        27      -inf        47        30      -inf        47        32      -inf        47        35      -inf        47        37      -inf        47        40      -inf        47        42      -inf        47        44      -inf        47        49      -inf        47        52      -inf        47        54      -inf        49         1        30        49         3        30        49         6      -inf        49         8      -inf        49        10      -inf        49        13      -inf        49        15      -inf        49        18      -inf        49        20      -inf        49        22      -inf        49        25      -inf        49        27      -inf        49        30      -inf        49        32      -inf        49        35      -inf        49        37      -inf        49        40      -inf        49        42      -inf        49        44      -inf        49        47      -inf        49        52      -inf        49        54      -inf        52         1        30        52         3        30        52         6      -inf        52         8      -inf        52        10      -inf        52        13      -inf        52        15      -inf        52        18      -inf        52        20      -inf        52        22      -inf        52        25      -inf        52        27      -inf        52        30      -inf        52        32      -inf        52        35      -inf        52        37      -inf        52        40      -inf        52        42      -inf        52        44      -inf        52        47      -inf        52        49      -inf        52        54      -inf        54         1        30        54         3        30        54         6      -inf        54         8      -inf        54        10      -inf        54        13      -inf        54        15      -inf        54        18      -inf        54        20      -inf        54        22      -inf        54        25      -inf        54        27      -inf        54        30      -inf        54        32      -inf        54        35      -inf        54        37      -inf        54        40      -inf        54        42      -inf        54        44      -inf        54        47      -inf        54        49      -inf        54        52      -inf

