        66         6
      1440         0       inf         1         0         5         1         1         1         0       inf
      1440         0       inf         3         3       393       279         4       393       279         5       393       279         1         2         0         5
      1440         0       inf         1         1         5         1         1         3         0        10
      1440         0       inf         3         3        98       279         4        98       279         5        98       279         1         4         0         5
      1440         0       inf         1         2        10         1         1         5         0        10
      1440         0       inf         3         3        98       279         4        98       279         5        98       279         1         6         0         5
      1440         0       inf         1         2        10         1         0
      1440         0       inf         1         0         5         1         1         8         0       inf
      1440         0       inf         3         3       233       799         4       233       799         5       233       799         1         9         0         5
      1440         0       inf         1         1         5         1         1        10         0        10
      1440         0       inf         3         3        58       799         4        58       799         5        58       799         1        11         0         5
      1440         0       inf         1         2        10         1         1        12         0        10
      1440         0       inf         3         3        58       799         4        58       799         5        58       799         1        13         0         5
      1440         0       inf         1         2        10         1         0
      1440         0       inf         1         0         5         1         1        15         0       inf
      1440         0       inf         3         3       233       799         4       233       799         5       233       799         1        16         0         5
      1440         0       inf         1         1         5         1         1        17         0        10
      1440         0       inf         3         3        58       799         4        58       799         5        58       799         1        18         0         5
      1440         0       inf         1         2        10         1         1        19         0        10
      1440         0       inf         3         3        58       799         4        58       799         5        58       799         1        20         0         5
      1440         0       inf         1         2        10         1         0
      1440         0       inf         1         0         5         1         1        22         0       inf
      1440         0       inf         3         3       587       610         4       587       610         5       587       610         1        23         0         5
      1440         0       inf         1         1         5         1         1        24         0        10
      1440         0       inf         3         3       146       610         4       146       610         5       146       610         1        25         0         5
      1440         0       inf         1         2        10         1         0
      1440         0       inf         1         0         5         1         1        27         0       inf
      1440         0       inf         3         3       233       799         4       233       799         5       233       799         1        28         0         5
      1440         0       inf         1         1         5         1         1        29         0        10
      1440         0       inf         3         3        58       799         4        58       799         5        58       799         1        30         0         5
      1440         0       inf         1         2        10         1         1        31         0        10
      1440         0       inf         3         3        58       799         4        58       799         5        58       799         1        32         0         5
      1440         0       inf         1         2        10         1         0
      1440         0       inf         1         0         5         1         1        34         0       inf
      1440         0       inf         3         3       247       210         4       247       210         5       247       210         1        35         0         5
      1440         0       inf         1         1         5         1         1        36         0        10
      1440         0       inf         3         3        61       210         4        61       210         5        61       210         1        37         0         5
      1440         0       inf         1         2        10         1         0
      1440         0       inf         1         0         5         1         1        39         0       inf
      1440         0       inf         3         3       247       210         4       247       210         5       247       210         1        40         0         5
      1440         0       inf         1         1         5         1         1        41         0        10
      1440         0       inf         3         3        61       210         4        61       210         5        61       210         1        42         0         5
      1440         0       inf         1         2        10         1         0
      1440         0       inf         1         0         5         1         1        44         0       inf
      1440         0       inf         3         3       491       920         4       491       920         5       491       920         1        45         0         5
      1440         0       inf         1         1         5         1         1        46         0        10
      1440         0       inf         3         3       122       920         4       122       920         5       122       920         1        47         0         5
      1440         0       inf         1         2        10         1         1        48         0        10
      1440         0       inf         3         3       122       920         4       122       920         5       122       920         1        49         0         5
      1440         0       inf         1         2        10         1         0
      1440         0       inf         1         0         5         1         1        51         0       inf
      1440         0       inf         3         3       491       920         4       491       920         5       491       920         1        52         0         5
      1440         0       inf         1         1         5         1         1        53         0        10
      1440         0       inf         3         3       122       920         4       122       920         5       122       920         1        54         0         5
      1440         0       inf         1         2        10         1         1        55         0        10
      1440         0       inf         3         3       122       920         4       122       920         5       122       920         1        56         0         5
      1440         0       inf         1         2        10         1         0
      1440         0       inf         1         0         5         1         1        58         0       inf
      1440         0       inf         3         3       253       428         4       253       428         5       253       428         1        59         0         5
      1440         0       inf         1         1         5         1         1        60         0        10
      1440         0       inf         3         3        63       428         4        63       428         5        63       428         1        61         0         5
      1440         0       inf         1         2        10         1         1        62         0        10
      1440         0       inf         3         3        63       428         4        63       428         5        63       428         1        63         0         5
      1440         0       inf         1         2        10         1         1        64         0        10
      1440         0       inf         3         3        63       428         4        63       428         5        63       428         1        65         0         5
      1440         0       inf         1         2        10         1         0

         1         0        90         0         7         5         0        14         5         0        21         5         0        26         5         0        33         5         0        38         5         0        43         5         0        50         5         0        57         5         7         0         5         7        14         5         7        21         5         7        26         5         7        33         5         7        38         5         7        43         5         7        50         5         7        57         5        14         0         5        14         7         5        14        21         5        14        26         5        14        33         5        14        38         5        14        43         5        14        50         5        14        57         5        21         0         5        21         7         5        21        14         5        21        26         5        21        33         5        21        38         5        21        43         5        21        50         5        21        57         5        26         0         5        26         7         5        26        14         5        26        21         5        26        33         5        26        38         5        26        43         5        26        50         5        26        57         5        33         0         5        33         7         5        33        14         5        33        21         5        33        26         5        33        38         5        33        43         5        33        50         5        33        57         5        38         0         5        38         7         5        38        14         5        38        21         5        38        26         5        38        33         5        38        43         5        38        50         5        38        57         5        43         0         5        43         7         5        43        14         5        43        21         5        43        26         5        43        33         5        43        38         5        43        50         5        43        57         5        50         0         5        50         7         5        50        14         5        50        21         5        50        26         5        50        33         5        50        38         5        50        43         5        50        57         5        57         0         5        57         7         5        57        14         5        57        21         5        57        26         5        57        33         5        57        38         5        57        43         5        57        50         5
         1         1        90         2         9         5         2        16         5         2        23         5         2        28         5         2        35         5         2        40         5         2        45         5         2        52         5         2        59         5         9         2         5         9        16         5         9        23         5         9        28         5         9        35         5         9        40         5         9        45         5         9        52         5         9        59         5        16         2         5        16         9         5        16        23         5        16        28         5        16        35         5        16        40         5        16        45         5        16        52         5        16        59         5        23         2         5        23         9         5        23        16         5        23        28         5        23        35         5        23        40         5        23        45         5        23        52         5        23        59         5        28         2         5        28         9         5        28        16         5        28        23         5        28        35         5        28        40         5        28        45         5        28        52         5        28        59         5        35         2         5        35         9         5        35        16         5        35        23         5        35        28         5        35        40         5        35        45         5        35        52         5        35        59         5        40         2         5        40         9         5        40        16         5        40        23         5        40        28         5        40        35         5        40        45         5        40        52         5        40        59         5        45         2         5        45         9         5        45        16         5        45        23         5        45        28         5        45        35         5        45        40         5        45        52         5        45        59         5        52         2         5        52         9         5        52        16         5        52        23         5        52        28         5        52        35         5        52        40         5        52        45         5        52        59         5        59         2         5        59         9         5        59        16         5        59        23         5        59        28         5        59        35         5        59        40         5        59        45         5        59        52         5
         1         2       306         4         6      -inf         4        11        15         4        13        15         4        18        15         4        20        15         4        25        15         4        30        15         4        32        15         4        37        15         4        42        15         4        47        15         4        49        15         4        54        15         4        56        15         4        61        15         4        63        15         4        65        15         6         4      -inf         6        11        15         6        13        15         6        18        15         6        20        15         6        25        15         6        30        15         6        32        15         6        37        15         6        42        15         6        47        15         6        49        15         6        54        15         6        56        15         6        61        15         6        63        15         6        65        15        11         4        15        11         6        15        11        13      -inf        11        18      -inf        11        20        15        11        25        15        11        30      -inf        11        32        15        11        37        15        11        42        15        11        47        15        11        49        15        11        54        15        11        56        15        11        61        15        11        63        15        11        65        15        13         4        15        13         6        15        13        11      -inf        13        18        15        13        20      -inf        13        25        15        13        30        15        13        32      -inf        13        37        15        13        42        15        13        47        15        13        49        15        13        54        15        13        56        15        13        61        15        13        63        15        13        65        15        18         4        15        18         6        15        18        11      -inf        18        13        15        18        20      -inf        18        25        15        18        30      -inf        18        32        15        18        37        15        18        42        15        18        47        15        18        49        15        18        54        15        18        56        15        18        61        15        18        63        15        18        65        15        20         4        15        20         6        15        20        11        15        20        13      -inf        20        18      -inf        20        25        15        20        30        15        20        32      -inf        20        37        15        20        42        15        20        47        15        20        49        15        20        54        15        20        56        15        20        61        15        20        63        15        20        65        15        25         4        15        25         6        15        25        11        15        25        13        15        25        18        15        25        20        15        25        30        15        25        32        15        25        37        15        25        42        15        25        47        15        25        49        15        25        54        15        25        56        15        25        61        15        25        63        15        25        65        15        30         4        15        30         6        15        30        11      -inf        30        13        15        30        18      -inf        30        20        15        30        25        15        30        32      -inf        30        37        15        30        42        15        30        47        15        30        49        15        30        54        15        30        56        15        30        61        15        30        63        15        30        65        15        32         4        15        32         6        15        32        11        15        32        13      -inf        32        18        15        32        20      -inf        32        25        15        32        30      -inf        32        37        15        32        42        15        32        47        15        32        49        15        32        54        15        32        56        15        32        61        15        32        63        15        32        65        15        37         4        15        37         6        15        37        11        15        37        13        15        37        18        15        37        20        15        37        25        15        37        30        15        37        32        15        37        42      -inf        37        47        15        37        49        15        37        54        15        37        56        15        37        61        15        37        63        15        37        65        15        42         4        15        42         6        15        42        11        15        42        13        15        42        18        15        42        20        15        42        25        15        42        30        15        42        32        15        42        37      -inf        42        47        15        42        49        15        42        54        15        42        56        15        42        61        15        42        63        15        42        65        15        47         4        15        47         6        15        47        11        15        47        13        15        47        18        15        47        20        15        47        25        15        47        30        15        47        32        15        47        37        15        47        42        15        47        49      -inf        47        54      -inf        47        56        15        47        61        15        47        63        15        47        65        15        49         4        15        49         6        15        49        11        15        49        13        15        49        18        15        49        20        15        49        25        15        49        30        15        49        32        15        49        37        15        49        42        15        49        47      -inf        49        54        15        49        56      -inf        49        61        15        49        63        15        49        65        15        54         4        15        54         6        15        54        11        15        54        13        15        54        18        15        54        20        15        54        25        15        54        30        15        54        32        15        54        37        15        54        42        15        54        47      -inf        54        49        15        54        56      -inf        54        61        15        54        63        15        54        65        15        56         4        15        56         6        15        56        11        15        56        13        15        56        18        15        56        20        15        56        25        15        56        30        15        56        32        15        56        37        15        56        42        15        56        47        15        56        49      -inf        56        54      -inf        56        61        15        56        63        15        56        65        15        61         4        15        61         6        15        61        11        15        61        13        15        61        18        15        61        20        15        61        25        15        61        30        15        61        32        15        61        37        15        61        42        15        61        47        15        61        49        15        61        54        15        61        56        15        61        63      -inf        61        65      -inf        63         4        15        63         6        15        63        11        15        63        13        15        63        18        15        63        20        15        63        25        15        63        30        15        63        32        15        63        37        15        63        42        15        63        47        15        63        49        15        63        54        15        63        56        15        63        61      -inf        63        65      -inf        65         4        15        65         6        15        65        11        15        65        13        15        65        18        15        65        20        15        65        25        15        65        30        15        65        32        15        65        37        15        65        42        15        65        47        15        65        49        15        65        54        15        65        56        15        65        61      -inf        65        63      -inf
      5000         3       756         1         3      -inf         1         5      -inf         1         8        30         1        10        30         1        12        30         1        15        30         1        17        30         1        19        30         1        22        30         1        24        30         1        27        30         1        29        30         1        31        30         1        34        30         1        36        30         1        39        30         1        41        30         1        44        30         1        46        30         1        48        30         1        51        30         1        53        30         1        55        30         1        58        30         1        60        30         1        62        30         1        64        30         3         1      -inf         3         5      -inf         3         8        30         3        10        30         3        12        30         3        15        30         3        17        30         3        19        30         3        22        30         3        24        30         3        27        30         3        29        30         3        31        30         3        34        30         3        36        30         3        39        30         3        41        30         3        44        30         3        46        30         3        48        30         3        51        30         3        53        30         3        55        30         3        58        30         3        60        30         3        62        30         3        64        30         5         1      -inf         5         3      -inf         5         8        30         5        10        30         5        12        30         5        15        30         5        17        30         5        19        30         5        22        30         5        24        30         5        27        30         5        29        30         5        31        30         5        34        30         5        36        30         5        39        30         5        41        30         5        44        30         5        46        30         5        48        30         5        51        30         5        53        30         5        55        30         5        58        30         5        60        30         5        62        30         5        64        30         8         1        30         8         3        30         8         5        30         8        10      -inf         8        12      -inf         8        15      -inf         8        17      -inf         8        19      -inf         8        22      -inf         8        24      -inf         8        27      -inf         8        29      -inf         8        31      -inf         8        34      -inf         8        36      -inf         8        39      -inf         8        41      -inf         8        44      -inf         8        46      -inf         8        48      -inf         8        51      -inf         8        53      -inf         8        55      -inf         8        58      -inf         8        60      -inf         8        62      -inf         8        64      -inf        10         1        30        10         3        30        10         5        30        10         8      -inf        10        12      -inf        10        15      -inf        10        17      -inf        10        19      -inf        10        22      -inf        10        24      -inf        10        27      -inf        10        29      -inf        10        31      -inf        10        34      -inf        10        36      -inf        10        39      -inf        10        41      -inf        10        44      -inf        10        46      -inf        10        48      -inf        10        51      -inf        10        53      -inf        10        55      -inf        10        58      -inf        10        60      -inf        10        62      -inf        10        64      -inf        12         1        30        12         3        30        12         5        30        12         8      -inf        12        10      -inf        12        15      -inf        12        17      -inf        12        19      -inf        12        22      -inf        12        24      -inf        12        27      -inf        12        29      -inf        12        31      -inf        12        34      -inf        12        36      -inf        12        39      -inf        12        41      -inf        12        44      -inf        12        46      -inf        12        48      -inf        12        51      -inf        12        53      -inf        12        55      -inf        12        58      -inf        12        60      -inf        12        62      -inf        12        64      -inf        15         1        30        15         3        30        15         5        30        15         8      -inf        15        10      -inf        15        12      -inf        15        17      -inf        15        19      -inf        15        22      -inf        15        24      -inf        15        27      -inf        15        29      -inf        15        31      -inf        15        34      -inf        15        36      -inf        15        39      -inf        15        41      -inf        15        44      -inf        15        46      -inf        15        48      -inf        15        51      -inf        15        53      -inf        15        55      -inf        15        58      -inf        15        60      -inf        15        62      -inf        15        64      -inf        17         1        30        17         3        30        17         5        30        17         8      -inf        17        10      -inf        17        12      -inf        17        15      -inf        17        19      -inf        17        22      -inf        17        24      -inf        17        27      -inf        17        29      -inf        17        31      -inf        17        34      -inf        17        36      -inf        17        39      -inf        17        41      -inf        17        44      -inf        17        46      -inf        17        48      -inf        17        51      -inf        17        53      -inf        17        55      -inf        17        58      -inf        17        60      -inf        17        62      -inf        17        64      -inf        19         1        30        19         3        30        19         5        30        19         8      -inf        19        10      -inf        19        12      -inf        19        15      -inf        19        17      -inf        19        22      -inf        19        24      -inf        19        27      -inf        19        29      -inf        19        31      -inf        19        34      -inf        19        36      -inf        19        39      -inf        19        41      -inf        19        44      -inf        19        46      -inf        19        48      -inf        19        51      -inf        19        53      -inf        19        55      -inf        19        58      -inf        19        60      -inf        19        62      -inf        19        64      -inf        22         1        30        22         3        30        22         5        30        22         8      -inf        22        10      -inf        22        12      -inf        22        15      -inf        22        17      -inf        22        19      -inf        22        24      -inf        22        27      -inf        22        29      -inf        22        31      -inf        22        34      -inf        22        36      -inf        22        39      -inf        22        41      -inf        22        44      -inf        22        46      -inf        22        48      -inf        22        51      -inf        22        53      -inf        22        55      -inf        22        58      -inf        22        60      -inf        22        62      -inf        22        64      -inf        24         1        30        24         3        30        24         5        30        24         8      -inf        24        10      -inf        24        12      -inf        24        15      -inf        24        17      -inf        24        19      -inf        24        22      -inf        24        27      -inf        24        29      -inf        24        31      -inf        24        34      -inf        24        36      -inf        24        39      -inf        24        41      -inf        24        44      -inf        24        46      -inf        24        48      -inf        24        51      -inf        24        53      -inf        24        55      -inf        24        58      -inf        24        60      -inf        24        62      -inf        24        64      -inf        27         1        30        27         3        30        27         5        30        27         8      -inf        27        10      -inf        27        12      -inf        27        15      -inf        27        17      -inf        27        19      -inf        27        22      -inf        27        24      -inf        27        29      -inf        27        31      -inf        27        34      -inf        27        36      -inf        27        39      -inf        27        41      -inf        27        44      -inf        27        46      -inf        27        48      -inf        27        51      -inf        27        53      -inf        27        55      -inf        27        58      -inf        27        60      -inf        27        62      -inf        27        64      -inf        29         1        30        29         3        30        29         5        30        29         8      -inf        29        10      -inf        29        12      -inf        29        15      -inf        29        17      -inf        29        19      -inf        29        22      -inf        29        24      -inf        29        27      -inf        29        31      -inf        29        34      -inf        29        36      -inf        29        39      -inf        29        41      -inf        29        44      -inf        29        46      -inf        29        48      -inf        29        51      -inf        29        53      -inf        29        55      -inf        29        58      -inf        29        60      -inf        29        62      -inf        29        64      -inf        31         1        30        31         3        30        31         5        30        31         8      -inf        31        10      -inf        31        12      -inf        31        15      -inf        31        17      -inf        31        19      -inf        31        22      -inf        31        24      -inf        31        27      -inf        31        29      -inf        31        34      -inf        31        36      -inf        31        39      -inf        31        41      -inf        31        44      -inf        31        46      -inf        31        48      -inf        31        51      -inf        31        53      -inf        31        55      -inf        31        58      -inf        31        60      -inf        31        62      -inf        31        64      -inf        34         1        30        34         3        30        34         5        30        34         8      -inf        34        10      -inf        34        12      -inf        34        15      -inf        34        17      -inf        34        19      -inf        34        22      -inf        34        24      -inf        34        27      -inf        34        29      -inf        34        31      -inf        34        36      -inf        34        39      -inf        34        41      -inf        34        44      -inf        34        46      -inf        34        48      -inf        34        51      -inf        34        53      -inf        34        55      -inf        34        58      -inf        34        60      -inf        34        62      -inf        34        64      -inf        36         1        30        36         3        30        36         5        30        36         8      -inf        36        10      -inf        36        12      -inf        36        15      -inf        36        17      -inf        36        19      -inf        36        22      -inf        36        24      -inf        36        27      -inf        36        29      -inf        36        31      -inf        36        34      -inf        36        39      -inf        36        41      -inf        36        44      -inf        36        46      -inf        36        48      -inf        36        51      -inf        36        53      -inf        36        55      -inf        36        58      -inf        36        60      -inf        36        62      -inf        36        64      -inf        39         1        30        39         3        30        39         5        30        39         8      -inf        39        10      -inf        39        12      -inf        39        15      -inf        39        17      -inf        39        19      -inf        39        22      -inf        39        24      -inf        39        27      -inf        39        29      -inf        39        31      -inf        39        34      -inf        39        36      -inf        39        41      -inf        39        44      -inf        39        46      -inf        39        48      -inf        39        51      -inf        39        53      -inf        39        55      -inf        39        58      -inf        39        60      -inf        39        62      -inf        39        64      -inf        41         1        30        41         3        30        41         5        30        41         8      -inf        41        10      -inf        41        12      -inf        41        15      -inf        41        17      -inf        41        19      -inf        41        22      -inf        41        24      -inf        41        27      -inf        41        29      -inf        41        31      -inf        41        34      -inf        41        36      -inf        41        39      -inf        41        44      -inf        41        46      -inf        41        48      -inf        41        51      -inf        41        53      -inf        41        55      -inf        41        58      -inf        41        60      -inf        41        62      -inf        41        64      -inf        44         1        30        44         3        30        44         5        30        44         8      -inf        44        10      -inf        44        12      -inf        44        15      -inf        44        17      -inf        44        19      -inf        44        22      -inf        44        24      -inf        44        27      -inf        44        29      -inf        44        31      -inf        44        34      -inf        44        36      -inf        44        39      -inf        44        41      -inf        44        46      -inf        44        48      -inf        44        51      -inf        44        53      -inf        44        55      -inf        44        58      -inf        44        60      -inf        44        62      -inf        44        64      -inf        46         1        30        46         3        30        46         5        30        46         8      -inf        46        10      -inf        46        12      -inf        46        15      -inf        46        17      -inf        46        19      -inf        46        22      -inf        46        24      -inf        46        27      -inf        46        29      -inf        46        31      -inf        46        34      -inf        46        36      -inf        46        39      -inf        46        41      -inf        46        44      -inf        46        48      -inf        46        51      -inf        46        53      -inf        46        55      -inf        46        58      -inf        46        60      -inf        46        62      -inf        46        64      -inf        48         1        30        48         3        30        48         5        30        48         8      -inf        48        10      -inf        48        12      -inf        48        15      -inf        48        17      -inf        48        19      -inf        48        22      -inf        48        24      -inf        48        27      -inf        48        29      -inf        48        31      -inf        48        34      -inf        48        36      -inf        48        39      -inf        48        41      -inf        48        44      -inf        48        46      -inf        48        51      -inf        48        53      -inf        48        55      -inf        48        58      -inf        48        60      -inf        48        62      -inf        48        64      -inf        51         1        30        51         3        30        51         5        30        51         8      -inf        51        10      -inf        51        12      -inf        51        15      -inf        51        17      -inf        51        19      -inf        51        22      -inf        51        24      -inf        51        27      -inf        51        29      -inf        51        31      -inf        51        34      -inf        51        36      -inf        51        39      -inf        51        41      -inf        51        44      -inf        51        46      -inf        51        48      -inf        51        53      -inf        51        55      -inf        51        58      -inf        51        60      -inf        51        62      -inf        51        64      -inf        53         1        30        53         3        30        53         5        30        53         8      -inf        53        10      -inf        53        12      -inf        53        15      -inf        53        17      -inf        53        19      -inf        53        22      -inf        53        24      -inf        53        27      -inf        53        29      -inf        53        31      -inf        53        34      -inf        53        36      -inf        53        39      -inf        53        41      -inf        53        44      -inf        53        46      -inf        53        48      -inf        53        51      -inf        53        55      -inf        53        58      -inf        53        60      -inf        53        62      -inf        53        64      -inf        55         1        30        55         3        30        55         5        30        55         8      -inf        55        10      -inf        55        12      -inf        55        15      -inf        55        17      -inf        55        19      -inf        55        22      -inf        55        24      -inf        55        27      -inf        55        29      -inf        55        31      -inf        55        34      -inf        55        36      -inf        55        39      -inf        55        41      -inf        55        44      -inf        55        46      -inf        55        48      -inf        55        51      -inf        55        53      -inf        55        58      -inf        55        60      -inf        55        62      -inf        55        64      -inf        58         1        30        58         3        30        58         5        30        58         8      -inf        58        10      -inf        58        12      -inf        58        15      -inf        58        17      -inf        58        19      -inf        58        22      -inf        58        24      -inf        58        27      -inf        58        29      -inf        58        31      -inf        58        34      -inf        58        36      -inf        58        39      -inf        58        41      -inf        58        44      -inf        58        46      -inf        58        48      -inf        58        51      -inf        58        53      -inf        58        55      -inf        58        60      -inf        58        62      -inf        58        64      -inf        60         1        30        60         3        30        60         5        30        60         8      -inf        60        10      -inf        60        12      -inf        60        15      -inf        60        17      -inf        60        19      -inf        60        22      -inf        60        24      -inf        60        27      -inf        60        29      -inf        60        31      -inf        60        34      -inf        60        36      -inf        60        39      -inf        60        41      -inf        60        44      -inf        60        46      -inf        60        48      -inf        60        51      -inf        60        53      -inf        60        55      -inf        60        58      -inf        60        62      -inf        60        64      -inf        62         1        30        62         3        30        62         5        30        62         8      -inf        62        10      -inf        62        12      -inf        62        15      -inf        62        17      -inf        62        19      -inf        62        22      -inf        62        24      -inf        62        27      -inf        62        29      -inf        62        31      -inf        62        34      -inf        62        36      -inf        62        39      -inf        62        41      -inf        62        44      -inf        62        46      -inf        62        48      -inf        62        51      -inf        62        53      -inf        62        55      -inf        62        58      -inf        62        60      -inf        62        64      -inf        64         1        30        64         3        30        64         5        30        64         8      -inf        64        10      -inf        64        12      -inf        64        15      -inf        64        17      -inf        64        19      -inf        64        22      -inf        64        24      -inf        64        27      -inf        64        29      -inf        64        31      -inf        64        34      -inf        64        36      -inf        64        39      -inf        64        41      -inf        64        44      -inf        64        46      -inf        64        48      -inf        64        51      -inf        64        53      -inf        64        55      -inf        64        58      -inf        64        60      -inf        64        62      -inf
      5000         3       756         1         3      -inf         1         5      -inf         1         8        30         1        10        30         1        12        30         1        15        30         1        17        30         1        19        30         1        22        30         1        24        30         1        27        30         1        29        30         1        31        30         1        34        30         1        36        30         1        39        30         1        41        30         1        44        30         1        46        30         1        48        30         1        51        30         1        53        30         1        55        30         1        58        30         1        60        30         1        62        30         1        64        30         3         1      -inf         3         5      -inf         3         8        30         3        10        30         3        12        30         3        15        30         3        17        30         3        19        30         3        22        30         3        24        30         3        27        30         3        29        30         3        31        30         3        34        30         3        36        30         3        39        30         3        41        30         3        44        30         3        46        30         3        48        30         3        51        30         3        53        30         3        55        30         3        58        30         3        60        30         3        62        30         3        64        30         5         1      -inf         5         3      -inf         5         8        30         5        10        30         5        12        30         5        15        30         5        17        30         5        19        30         5        22        30         5        24        30         5        27        30         5        29        30         5        31        30         5        34        30         5        36        30         5        39        30         5        41        30         5        44        30         5        46        30         5        48        30         5        51        30         5        53        30         5        55        30         5        58        30         5        60        30         5        62        30         5        64        30         8         1        30         8         3        30         8         5        30         8        10      -inf         8        12      -inf         8        15      -inf         8        17      -inf         8        19      -inf         8        22      -inf         8        24      -inf         8        27      -inf         8        29      -inf         8        31      -inf         8        34      -inf         8        36      -inf         8        39      -inf         8        41      -inf         8        44      -inf         8        46      -inf         8        48      -inf         8        51      -inf         8        53      -inf         8        55      -inf         8        58      -inf         8        60      -inf         8        62      -inf         8        64      -inf        10         1        30        10         3        30        10         5        30        10         8      -inf        10        12      -inf        10        15      -inf        10        17      -inf        10        19      -inf        10        22      -inf        10        24      -inf        10        27      -inf        10        29      -inf        10        31      -inf        10        34      -inf        10        36      -inf        10        39      -inf        10        41      -inf        10        44      -inf        10        46      -inf        10        48      -inf        10        51      -inf        10        53      -inf        10        55      -inf        10        58      -inf        10        60      -inf        10        62      -inf        10        64      -inf        12         1        30        12         3        30        12         5        30        12         8      -inf        12        10      -inf        12        15      -inf        12        17      -inf        12        19      -inf        12        22      -inf        12        24      -inf        12        27      -inf        12        29      -inf        12        31      -inf        12        34      -inf        12        36      -inf        12        39      -inf        12        41      -inf        12        44      -inf        12        46      -inf        12        48      -inf        12        51      -inf        12        53      -inf        12        55      -inf        12        58      -inf        12        60      -inf        12        62      -inf        12        64      -inf        15         1        30        15         3        30        15         5        30        15         8      -inf        15        10      -inf        15        12      -inf        15        17      -inf        15        19      -inf        15        22      -inf        15        24      -inf        15        27      -inf        15        29      -inf        15        31      -inf        15        34      -inf        15        36      -inf        15        39      -inf        15        41      -inf        15        44      -inf        15        46      -inf        15        48      -inf        15        51      -inf        15        53      -inf        15        55      -inf        15        58      -inf        15        60      -inf        15        62      -inf        15        64      -inf        17         1        30        17         3        30        17         5        30        17         8      -inf        17        10      -inf        17        12      -inf        17        15      -inf        17        19      -inf        17        22      -inf        17        24      -inf        17        27      -inf        17        29      -inf        17        31      -inf        17        34      -inf        17        36      -inf        17        39      -inf        17        41      -inf        17        44      -inf        17        46      -inf        17        48      -inf        17        51      -inf        17        53      -inf        17        55      -inf        17        58      -inf        17        60      -inf        17        62      -inf        17        64      -inf        19         1        30        19         3        30        19         5        30        19         8      -inf        19        10      -inf        19        12      -inf        19        15      -inf        19        17      -inf        19        22      -inf        19        24      -inf        19        27      -inf        19        29      -inf        19        31      -inf        19        34      -inf        19        36      -inf        19        39      -inf        19        41      -inf        19        44      -inf        19        46      -inf        19        48      -inf        19        51      -inf        19        53      -inf        19        55      -inf        19        58      -inf        19        60      -inf        19        62      -inf        19        64      -inf        22         1        30        22         3        30        22         5        30        22         8      -inf        22        10      -inf        22        12      -inf        22        15      -inf        22        17      -inf        22        19      -inf        22        24      -inf        22        27      -inf        22        29      -inf        22        31      -inf        22        34      -inf        22        36      -inf        22        39      -inf        22        41      -inf        22        44      -inf        22        46      -inf        22        48      -inf        22        51      -inf        22        53      -inf        22        55      -inf        22        58      -inf        22        60      -inf        22        62      -inf        22        64      -inf        24         1        30        24         3        30        24         5        30        24         8      -inf        24        10      -inf        24        12      -inf        24        15      -inf        24        17      -inf        24        19      -inf        24        22      -inf        24        27      -inf        24        29      -inf        24        31      -inf        24        34      -inf        24        36      -inf        24        39      -inf        24        41      -inf        24        44      -inf        24        46      -inf        24        48      -inf        24        51      -inf        24        53      -inf        24        55      -inf        24        58      -inf        24        60      -inf        24        62      -inf        24        64      -inf        27         1        30        27         3        30        27         5        30        27         8      -inf        27        10      -inf        27        12      -inf        27        15      -inf        27        17      -inf        27        19      -inf        27        22      -inf        27        24      -inf        27        29      -inf        27        31      -inf        27        34      -inf        27        36      -inf        27        39      -inf        27        41      -inf        27        44      -inf        27        46      -inf        27        48      -inf        27        51      -inf        27        53      -inf        27        55      -inf        27        58      -inf        27        60      -inf        27        62      -inf        27        64      -inf        29         1        30        29         3        30        29         5        30        29         8      -inf        29        10      -inf        29        12      -inf        29        15      -inf        29        17      -inf        29        19      -inf        29        22      -inf        29        24      -inf        29        27      -inf        29        31      -inf        29        34      -inf        29        36      -inf        29        39      -inf        29        41      -inf        29        44      -inf        29        46      -inf        29        48      -inf        29        51      -inf        29        53      -inf        29        55      -inf        29        58      -inf        29        60      -inf        29        62      -inf        29        64      -inf        31         1        30        31         3        30        31         5        30        31         8      -inf        31        10      -inf        31        12      -inf        31        15      -inf        31        17      -inf        31        19      -inf        31        22      -inf        31        24      -inf        31        27      -inf        31        29      -inf        31        34      -inf        31        36      -inf        31        39      -inf        31        41      -inf        31        44      -inf        31        46      -inf        31        48      -inf        31        51      -inf        31        53      -inf        31        55      -inf        31        58      -inf        31        60      -inf        31        62      -inf        31        64      -inf        34         1        30        34         3        30        34         5        30        34         8      -inf        34        10      -inf        34        12      -inf        34        15      -inf        34        17      -inf        34        19      -inf        34        22      -inf        34        24      -inf        34        27      -inf        34        29      -inf        34        31      -inf        34        36      -inf        34        39      -inf        34        41      -inf        34        44      -inf        34        46      -inf        34        48      -inf        34        51      -inf        34        53      -inf        34        55      -inf        34        58      -inf        34        60      -inf        34        62      -inf        34        64      -inf        36         1        30        36         3        30        36         5        30        36         8      -inf        36        10      -inf        36        12      -inf        36        15      -inf        36        17      -inf        36        19      -inf        36        22      -inf        36        24      -inf        36        27      -inf        36        29      -inf        36        31      -inf        36        34      -inf        36        39      -inf        36        41      -inf        36        44      -inf        36        46      -inf        36        48      -inf        36        51      -inf        36        53      -inf        36        55      -inf        36        58      -inf        36        60      -inf        36        62      -inf        36        64      -inf        39         1        30        39         3        30        39         5        30        39         8      -inf        39        10      -inf        39        12      -inf        39        15      -inf        39        17      -inf        39        19      -inf        39        22      -inf        39        24      -inf        39        27      -inf        39        29      -inf        39        31      -inf        39        34      -inf        39        36      -inf        39        41      -inf        39        44      -inf        39        46      -inf        39        48      -inf        39        51      -inf        39        53      -inf        39        55      -inf        39        58      -inf        39        60      -inf        39        62      -inf        39        64      -inf        41         1        30        41         3        30        41         5        30        41         8      -inf        41        10      -inf        41        12      -inf        41        15      -inf        41        17      -inf        41        19      -inf        41        22      -inf        41        24      -inf        41        27      -inf        41        29      -inf        41        31      -inf        41        34      -inf        41        36      -inf        41        39      -inf        41        44      -inf        41        46      -inf        41        48      -inf        41        51      -inf        41        53      -inf        41        55      -inf        41        58      -inf        41        60      -inf        41        62      -inf        41        64      -inf        44         1        30        44         3        30        44         5        30        44         8      -inf        44        10      -inf        44        12      -inf        44        15      -inf        44        17      -inf        44        19      -inf        44        22      -inf        44        24      -inf        44        27      -inf        44        29      -inf        44        31      -inf        44        34      -inf        44        36      -inf        44        39      -inf        44        41      -inf        44        46      -inf        44        48      -inf        44        51      -inf        44        53      -inf        44        55      -inf        44        58      -inf        44        60      -inf        44        62      -inf        44        64      -inf        46         1        30        46         3        30        46         5        30        46         8      -inf        46        10      -inf        46        12      -inf        46        15      -inf        46        17      -inf        46        19      -inf        46        22      -inf        46        24      -inf        46        27      -inf        46        29      -inf        46        31      -inf        46        34      -inf        46        36      -inf        46        39      -inf        46        41      -inf        46        44      -inf        46        48      -inf        46        51      -inf        46        53      -inf        46        55      -inf        46        58      -inf        46        60      -inf        46        62      -inf        46        64      -inf        48         1        30        48         3        30        48         5        30        48         8      -inf        48        10      -inf        48        12      -inf        48        15      -inf        48        17      -inf        48        19      -inf        48        22      -inf        48        24      -inf        48        27      -inf        48        29      -inf        48        31      -inf        48        34      -inf        48        36      -inf        48        39      -inf        48        41      -inf        48        44      -inf        48        46      -inf        48        51      -inf        48        53      -inf        48        55      -inf        48        58      -inf        48        60      -inf        48        62      -inf        48        64      -inf        51         1        30        51         3        30        51         5        30        51         8      -inf        51        10      -inf        51        12      -inf        51        15      -inf        51        17      -inf        51        19      -inf        51        22      -inf        51        24      -inf        51        27      -inf        51        29      -inf        51        31      -inf        51        34      -inf        51        36      -inf        51        39      -inf        51        41      -inf        51        44      -inf        51        46      -inf        51        48      -inf        51        53      -inf        51        55      -inf        51        58      -inf        51        60      -inf        51        62      -inf        51        64      -inf        53         1        30        53         3        30        53         5        30        53         8      -inf        53        10      -inf        53        12      -inf        53        15      -inf        53        17      -inf        53        19      -inf        53        22      -inf        53        24      -inf        53        27      -inf        53        29      -inf        53        31      -inf        53        34      -inf        53        36      -inf        53        39      -inf        53        41      -inf        53        44      -inf        53        46      -inf        53        48      -inf        53        51      -inf        53        55      -inf        53        58      -inf        53        60      -inf        53        62      -inf        53        64      -inf        55         1        30        55         3        30        55         5        30        55         8      -inf        55        10      -inf        55        12      -inf        55        15      -inf        55        17      -inf        55        19      -inf        55        22      -inf        55        24      -inf        55        27      -inf        55        29      -inf        55        31      -inf        55        34      -inf        55        36      -inf        55        39      -inf        55        41      -inf        55        44      -inf        55        46      -inf        55        48      -inf        55        51      -inf        55        53      -inf        55        58      -inf        55        60      -inf        55        62      -inf        55        64      -inf        58         1        30        58         3        30        58         5        30        58         8      -inf        58        10      -inf        58        12      -inf        58        15      -inf        58        17      -inf        58        19      -inf        58        22      -inf        58        24      -inf        58        27      -inf        58        29      -inf        58        31      -inf        58        34      -inf        58        36      -inf        58        39      -inf        58        41      -inf        58        44      -inf        58        46      -inf        58        48      -inf        58        51      -inf        58        53      -inf        58        55      -inf        58        60      -inf        58        62      -inf        58        64      -inf        60         1        30        60         3        30        60         5        30        60         8      -inf        60        10      -inf        60        12      -inf        60        15      -inf        60        17      -inf        60        19      -inf        60        22      -inf        60        24      -inf        60        27      -inf        60        29      -inf        60        31      -inf        60        34      -inf        60        36      -inf        60        39      -inf        60        41      -inf        60        44      -inf        60        46      -inf        60        48      -inf        60        51      -inf        60        53      -inf        60        55      -inf        60        58      -inf        60        62      -inf        60        64      -inf        62         1        30        62         3        30        62         5        30        62         8      -inf        62        10      -inf        62        12      -inf        62        15      -inf        62        17      -inf        62        19      -inf        62        22      -inf        62        24      -inf        62        27      -inf        62        29      -inf        62        31      -inf        62        34      -inf        62        36      -inf        62        39      -inf        62        41      -inf        62        44      -inf        62        46      -inf        62        48      -inf        62        51      -inf        62        53      -inf        62        55      -inf        62        58      -inf        62        60      -inf        62        64      -inf        64         1        30        64         3        30        64         5        30        64         8      -inf        64        10      -inf        64        12      -inf        64        15      -inf        64        17      -inf        64        19      -inf        64        22      -inf        64        24      -inf        64        27      -inf        64        29      -inf        64        31      -inf        64        34      -inf        64        36      -inf        64        39      -inf        64        41      -inf        64        44      -inf        64        46      -inf        64        48      -inf        64        51      -inf        64        53      -inf        64        55      -inf        64        58      -inf        64        60      -inf        64        62      -inf
      5000         3       756         1         3      -inf         1         5      -inf         1         8        30         1        10        30         1        12        30         1        15        30         1        17        30         1        19        30         1        22        30         1        24        30         1        27        30         1        29        30         1        31        30         1        34        30         1        36        30         1        39        30         1        41        30         1        44        30         1        46        30         1        48        30         1        51        30         1        53        30         1        55        30         1        58        30         1        60        30         1        62        30         1        64        30         3         1      -inf         3         5      -inf         3         8        30         3        10        30         3        12        30         3        15        30         3        17        30         3        19        30         3        22        30         3        24        30         3        27        30         3        29        30         3        31        30         3        34        30         3        36        30         3        39        30         3        41        30         3        44        30         3        46        30         3        48        30         3        51        30         3        53        30         3        55        30         3        58        30         3        60        30         3        62        30         3        64        30         5         1      -inf         5         3      -inf         5         8        30         5        10        30         5        12        30         5        15        30         5        17        30         5        19        30         5        22        30         5        24        30         5        27        30         5        29        30         5        31        30         5        34        30         5        36        30         5        39        30         5        41        30         5        44        30         5        46        30         5        48        30         5        51        30         5        53        30         5        55        30         5        58        30         5        60        30         5        62        30         5        64        30         8         1        30         8         3        30         8         5        30         8        10      -inf         8        12      -inf         8        15      -inf         8        17      -inf         8        19      -inf         8        22      -inf         8        24      -inf         8        27      -inf         8        29      -inf         8        31      -inf         8        34      -inf         8        36      -inf         8        39      -inf         8        41      -inf         8        44      -inf         8        46      -inf         8        48      -inf         8        51      -inf         8        53      -inf         8        55      -inf         8        58      -inf         8        60      -inf         8        62      -inf         8        64      -inf        10         1        30        10         3        30        10         5        30        10         8      -inf        10        12      -inf        10        15      -inf        10        17      -inf        10        19      -inf        10        22      -inf        10        24      -inf        10        27      -inf        10        29      -inf        10        31      -inf        10        34      -inf        10        36      -inf        10        39      -inf        10        41      -inf        10        44      -inf        10        46      -inf        10        48      -inf        10        51      -inf        10        53      -inf        10        55      -inf        10        58      -inf        10        60      -inf        10        62      -inf        10        64      -inf        12         1        30        12         3        30        12         5        30        12         8      -inf        12        10      -inf        12        15      -inf        12        17      -inf        12        19      -inf        12        22      -inf        12        24      -inf        12        27      -inf        12        29      -inf        12        31      -inf        12        34      -inf        12        36      -inf        12        39      -inf        12        41      -inf        12        44      -inf        12        46      -inf        12        48      -inf        12        51      -inf        12        53      -inf        12        55      -inf        12        58      -inf        12        60      -inf        12        62      -inf        12        64      -inf        15         1        30        15         3        30        15         5        30        15         8      -inf        15        10      -inf        15        12      -inf        15        17      -inf        15        19      -inf        15        22      -inf        15        24      -inf        15        27      -inf        15        29      -inf        15        31      -inf        15        34      -inf        15        36      -inf        15        39      -inf        15        41      -inf        15        44      -inf        15        46      -inf        15        48      -inf        15        51      -inf        15        53      -inf        15        55      -inf        15        58      -inf        15        60      -inf        15        62      -inf        15        64      -inf        17         1        30        17         3        30        17         5        30        17         8      -inf        17        10      -inf        17        12      -inf        17        15      -inf        17        19      -inf        17        22      -inf        17        24      -inf        17        27      -inf        17        29      -inf        17        31      -inf        17        34      -inf        17        36      -inf        17        39      -inf        17        41      -inf        17        44      -inf        17        46      -inf        17        48      -inf        17        51      -inf        17        53      -inf        17        55      -inf        17        58      -inf        17        60      -inf        17        62      -inf        17        64      -inf        19         1        30        19         3        30        19         5        30        19         8      -inf        19        10      -inf        19        12      -inf        19        15      -inf        19        17      -inf        19        22      -inf        19        24      -inf        19        27      -inf        19        29      -inf        19        31      -inf        19        34      -inf        19        36      -inf        19        39      -inf        19        41      -inf        19        44      -inf        19        46      -inf        19        48      -inf        19        51      -inf        19        53      -inf        19        55      -inf        19        58      -inf        19        60      -inf        19        62      -inf        19        64      -inf        22         1        30        22         3        30        22         5        30        22         8      -inf        22        10      -inf        22        12      -inf        22        15      -inf        22        17      -inf        22        19      -inf        22        24      -inf        22        27      -inf        22        29      -inf        22        31      -inf        22        34      -inf        22        36      -inf        22        39      -inf        22        41      -inf        22        44      -inf        22        46      -inf        22        48      -inf        22        51      -inf        22        53      -inf        22        55      -inf        22        58      -inf        22        60      -inf        22        62      -inf        22        64      -inf        24         1        30        24         3        30        24         5        30        24         8      -inf        24        10      -inf        24        12      -inf        24        15      -inf        24        17      -inf        24        19      -inf        24        22      -inf        24        27      -inf        24        29      -inf        24        31      -inf        24        34      -inf        24        36      -inf        24        39      -inf        24        41      -inf        24        44      -inf        24        46      -inf        24        48      -inf        24        51      -inf        24        53      -inf        24        55      -inf        24        58      -inf        24        60      -inf        24        62      -inf        24        64      -inf        27         1        30        27         3        30        27         5        30        27         8      -inf        27        10      -inf        27        12      -inf        27        15      -inf        27        17      -inf        27        19      -inf        27        22      -inf        27        24      -inf        27        29      -inf        27        31      -inf        27        34      -inf        27        36      -inf        27        39      -inf        27        41      -inf        27        44      -inf        27        46      -inf        27        48      -inf        27        51      -inf        27        53      -inf        27        55      -inf        27        58      -inf        27        60      -inf        27        62      -inf        27        64      -inf        29         1        30        29         3        30        29         5        30        29         8      -inf        29        10      -inf        29        12      -inf        29        15      -inf        29        17      -inf        29        19      -inf        29        22      -inf        29        24      -inf        29        27      -inf        29        31      -inf        29        34      -inf        29        36      -inf        29        39      -inf        29        41      -inf        29        44      -inf        29        46      -inf        29        48      -inf        29        51      -inf        29        53      -inf        29        55      -inf        29        58      -inf        29        60      -inf        29        62      -inf        29        64      -inf        31         1        30        31         3        30        31         5        30        31         8      -inf        31        10      -inf        31        12      -inf        31        15      -inf        31        17      -inf        31        19      -inf        31        22      -inf        31        24      -inf        31        27      -inf        31        29      -inf        31        34      -inf        31        36      -inf        31        39      -inf        31        41      -inf        31        44      -inf        31        46      -inf        31        48      -inf        31        51      -inf        31        53      -inf        31        55      -inf        31        58      -inf        31        60      -inf        31        62      -inf        31        64      -inf        34         1        30        34         3        30        34         5        30        34         8      -inf        34        10      -inf        34        12      -inf        34        15      -inf        34        17      -inf        34        19      -inf        34        22      -inf        34        24      -inf        34        27      -inf        34        29      -inf        34        31      -inf        34        36      -inf        34        39      -inf        34        41      -inf        34        44      -inf        34        46      -inf        34        48      -inf        34        51      -inf        34        53      -inf        34        55      -inf        34        58      -inf        34        60      -inf        34        62      -inf        34        64      -inf        36         1        30        36         3        30        36         5        30        36         8      -inf        36        10      -inf        36        12      -inf        36        15      -inf        36        17      -inf        36        19      -inf        36        22      -inf        36        24      -inf        36        27      -inf        36        29      -inf        36        31      -inf        36        34      -inf        36        39      -inf        36        41      -inf        36        44      -inf        36        46      -inf        36        48      -inf        36        51      -inf        36        53      -inf        36        55      -inf        36        58      -inf        36        60      -inf        36        62      -inf        36        64      -inf        39         1        30        39         3        30        39         5        30        39         8      -inf        39        10      -inf        39        12      -inf        39        15      -inf        39        17      -inf        39        19      -inf        39        22      -inf        39        24      -inf        39        27      -inf        39        29      -inf        39        31      -inf        39        34      -inf        39        36      -inf        39        41      -inf        39        44      -inf        39        46      -inf        39        48      -inf        39        51      -inf        39        53      -inf        39        55      -inf        39        58      -inf        39        60      -inf        39        62      -inf        39        64      -inf        41         1        30        41         3        30        41         5        30        41         8      -inf        41        10      -inf        41        12      -inf        41        15      -inf        41        17      -inf        41        19      -inf        41        22      -inf        41        24      -inf        41        27      -inf        41        29      -inf        41        31      -inf        41        34      -inf        41        36      -inf        41        39      -inf        41        44      -inf        41        46      -inf        41        48      -inf        41        51      -inf        41        53      -inf        41        55      -inf        41        58      -inf        41        60      -inf        41        62      -inf        41        64      -inf        44         1        30        44         3        30        44         5        30        44         8      -inf        44        10      -inf        44        12      -inf        44        15      -inf        44        17      -inf        44        19      -inf        44        22      -inf        44        24      -inf        44        27      -inf        44        29      -inf        44        31      -inf        44        34      -inf        44        36      -inf        44        39      -inf        44        41      -inf        44        46      -inf        44        48      -inf        44        51      -inf        44        53      -inf        44        55      -inf        44        58      -inf        44        60      -inf        44        62      -inf        44        64      -inf        46         1        30        46         3        30        46         5        30        46         8      -inf        46        10      -inf        46        12      -inf        46        15      -inf        46        17      -inf        46        19      -inf        46        22      -inf        46        24      -inf        46        27      -inf        46        29      -inf        46        31      -inf        46        34      -inf        46        36      -inf        46        39      -inf        46        41      -inf        46        44      -inf        46        48      -inf        46        51      -inf        46        53      -inf        46        55      -inf        46        58      -inf        46        60      -inf        46        62      -inf        46        64      -inf        48         1        30        48         3        30        48         5        30        48         8      -inf        48        10      -inf        48        12      -inf        48        15      -inf        48        17      -inf        48        19      -inf        48        22      -inf        48        24      -inf        48        27      -inf        48        29      -inf        48        31      -inf        48        34      -inf        48        36      -inf        48        39      -inf        48        41      -inf        48        44      -inf        48        46      -inf        48        51      -inf        48        53      -inf        48        55      -inf        48        58      -inf        48        60      -inf        48        62      -inf        48        64      -inf        51         1        30        51         3        30        51         5        30        51         8      -inf        51        10      -inf        51        12      -inf        51        15      -inf        51        17      -inf        51        19      -inf        51        22      -inf        51        24      -inf        51        27      -inf        51        29      -inf        51        31      -inf        51        34      -inf        51        36      -inf        51        39      -inf        51        41      -inf        51        44      -inf        51        46      -inf        51        48      -inf        51        53      -inf        51        55      -inf        51        58      -inf        51        60      -inf        51        62      -inf        51        64      -inf        53         1        30        53         3        30        53         5        30        53         8      -inf        53        10      -inf        53        12      -inf        53        15      -inf        53        17      -inf        53        19      -inf        53        22      -inf        53        24      -inf        53        27      -inf        53        29      -inf        53        31      -inf        53        34      -inf        53        36      -inf        53        39      -inf        53        41      -inf        53        44      -inf        53        46      -inf        53        48      -inf        53        51      -inf        53        55      -inf        53        58      -inf        53        60      -inf        53        62      -inf        53        64      -inf        55         1        30        55         3        30        55         5        30        55         8      -inf        55        10      -inf        55        12      -inf        55        15      -inf        55        17      -inf        55        19      -inf        55        22      -inf        55        24      -inf        55        27      -inf        55        29      -inf        55        31      -inf        55        34      -inf        55        36      -inf        55        39      -inf        55        41      -inf        55        44      -inf        55        46      -inf        55        48      -inf        55        51      -inf        55        53      -inf        55        58      -inf        55        60      -inf        55        62      -inf        55        64      -inf        58         1        30        58         3        30        58         5        30        58         8      -inf        58        10      -inf        58        12      -inf        58        15      -inf        58        17      -inf        58        19      -inf        58        22      -inf        58        24      -inf        58        27      -inf        58        29      -inf        58        31      -inf        58        34      -inf        58        36      -inf        58        39      -inf        58        41      -inf        58        44      -inf        58        46      -inf        58        48      -inf        58        51      -inf        58        53      -inf        58        55      -inf        58        60      -inf        58        62      -inf        58        64      -inf        60         1        30        60         3        30        60         5        30        60         8      -inf        60        10      -inf        60        12      -inf        60        15      -inf        60        17      -inf        60        19      -inf        60        22      -inf        60        24      -inf        60        27      -inf        60        29      -inf        60        31      -inf        60        34      -inf        60        36      -inf        60        39      -inf        60        41      -inf        60        44      -inf        60        46      -inf        60        48      -inf        60        51      -inf        60        53      -inf        60        55      -inf        60        58      -inf        60        62      -inf        60        64      -inf        62         1        30        62         3        30        62         5        30        62         8      -inf        62        10      -inf        62        12      -inf        62        15      -inf        62        17      -inf        62        19      -inf        62        22      -inf        62        24      -inf        62        27      -inf        62        29      -inf        62        31      -inf        62        34      -inf        62        36      -inf        62        39      -inf        62        41      -inf        62        44      -inf        62        46      -inf        62        48      -inf        62        51      -inf        62        53      -inf        62        55      -inf        62        58      -inf        62        60      -inf        62        64      -inf        64         1        30        64         3        30        64         5        30        64         8      -inf        64        10      -inf        64        12      -inf        64        15      -inf        64        17      -inf        64        19      -inf        64        22      -inf        64        24      -inf        64        27      -inf        64        29      -inf        64        31      -inf        64        34      -inf        64        36      -inf        64        39      -inf        64        41      -inf        64        44      -inf        64        46      -inf        64        48      -inf        64        51      -inf        64        53      -inf        64        55      -inf        64        58      -inf        64        60      -inf        64        62      -inf

