        54         6
      1440         0       inf         1         0         5         1         1         1         0       inf
      1440         0       inf         3         3       552       802         4       552       802         5       552       802         1         2         0         5
      1440         0       inf         1         1         5         1         1         3         0        10
      1440         0       inf         3         3       138       802         4       138       802         5       138       802         1         4         0         5
      1440         0       inf         1         2        10         1         1         5         0        10
      1440         0       inf         3         3       138       802         4       138       802         5       138       802         1         6         0         5
      1440         0       inf         1         2        10         1         0
      1440         0       inf         1         0         5         1         1         8         0       inf
      1440         0       inf         3         3       508       658         4       508       658         5       508       658         1         9         0         5
      1440         0       inf         1         1         5         1         1        10         0        10
      1440         0       inf         3         3       127       658         4       127       658         5       127       658         1        11         0         5
      1440         0       inf         1         2        10         1         0
      1440         0       inf         1         0         5         1         1        13         0       inf
      1440         0       inf         3         3       508       658         4       508       658         5       508       658         1        14         0         5
      1440         0       inf         1         1         5         1         1        15         0        10
      1440         0       inf         3         3       127       658         4       127       658         5       127       658         1        16         0         5
      1440         0       inf         1         2        10         1         0
      1440         0       inf         1         0         5         1         1        18         0       inf
      1440         0       inf         3         3       508       658         4       508       658         5       508       658         1        19         0         5
      1440         0       inf         1         1         5         1         1        20         0        10
      1440         0       inf         3         3       127       658         4       127       658         5       127       658         1        21         0         5
      1440         0       inf         1         2        10         1         0
      1440         0       inf         1         0         5         1         1        23         0       inf
      1440         0       inf         3         3       561       272         4       561       272         5       561       272         1        24         0         5
      1440         0       inf         1         1         5         1         1        25         0        10
      1440         0       inf         3         3       140       272         4       140       272         5       140       272         1        26         0         5
      1440         0       inf         1         2        10         1         0
      1440         0       inf         1         0         5         1         1        28         0       inf
      1440         0       inf         3         3       552       802         4       552       802         5       552       802         1        29         0         5
      1440         0       inf         1         1         5         1         1        30         0        10
      1440         0       inf         3         3       138       802         4       138       802         5       138       802         1        31         0         5
      1440         0       inf         1         2        10         1         1        32         0        10
      1440         0       inf         3         3       138       802         4       138       802         5       138       802         1        33         0         5
      1440         0       inf         1         2        10         1         0
      1440         0       inf         1         0         5         1         1        35         0       inf
      1440         0       inf         3         3       561       272         4       561       272         5       561       272         1        36         0         5
      1440         0       inf         1         1         5         1         1        37         0        10
      1440         0       inf         3         3       140       272         4       140       272         5       140       272         1        38         0         5
      1440         0       inf         1         2        10         1         0
      1440         0       inf         1         0         5         1         1        40         0       inf
      1440         0       inf         3         3       561       272         4       561       272         5       561       272         1        41         0         5
      1440         0       inf         1         1         5         1         1        42         0        10
      1440         0       inf         3         3       140       272         4       140       272         5       140       272         1        43         0         5
      1440         0       inf         1         2        10         1         0
      1440         0       inf         1         0         5         1         1        45         0       inf
      1440         0       inf         3         3       517       768         4       517       768         5       517       768         1        46         0         5
      1440         0       inf         1         1         5         1         1        47         0        10
      1440         0       inf         3         3       129       768         4       129       768         5       129       768         1        48         0         5
      1440         0       inf         1         2        10         1         0
      1440         0       inf         1         0         5         1         1        50         0       inf
      1440         0       inf         3         3       508       658         4       508       658         5       508       658         1        51         0         5
      1440         0       inf         1         1         5         1         1        52         0        10
      1440         0       inf         3         3       127       658         4       127       658         5       127       658         1        53         0         5
      1440         0       inf         1         2        10         1         0

         1         0        90         0         7         5         0        12         5         0        17         5         0        22         5         0        27         5         0        34         5         0        39         5         0        44         5         0        49         5         7         0         5         7        12         5         7        17         5         7        22         5         7        27         5         7        34         5         7        39         5         7        44         5         7        49         5        12         0         5        12         7         5        12        17         5        12        22         5        12        27         5        12        34         5        12        39         5        12        44         5        12        49         5        17         0         5        17         7         5        17        12         5        17        22         5        17        27         5        17        34         5        17        39         5        17        44         5        17        49         5        22         0         5        22         7         5        22        12         5        22        17         5        22        27         5        22        34         5        22        39         5        22        44         5        22        49         5        27         0         5        27         7         5        27        12         5        27        17         5        27        22         5        27        34         5        27        39         5        27        44         5        27        49         5        34         0         5        34         7         5        34        12         5        34        17         5        34        22         5        34        27         5        34        39         5        34        44         5        34        49         5        39         0         5        39         7         5        39        12         5        39        17         5        39        22         5        39        27         5        39        34         5        39        44         5        39        49         5        44         0         5        44         7         5        44        12         5        44        17         5        44        22         5        44        27         5        44        34         5        44        39         5        44        49         5        49         0         5        49         7         5        49        12         5        49        17         5        49        22         5        49        27         5        49        34         5        49        39         5        49        44         5
         1         1        90         2         9         5         2        14         5         2        19         5         2        24         5         2        29         5         2        36         5         2        41         5         2        46         5         2        51         5         9         2         5         9        14         5         9        19         5         9        24         5         9        29         5         9        36         5         9        41         5         9        46         5         9        51         5        14         2         5        14         9         5        14        19         5        14        24         5        14        29         5        14        36         5        14        41         5        14        46         5        14        51         5        19         2         5        19         9         5        19        14         5        19        24         5        19        29         5        19        36         5        19        41         5        19        46         5        19        51         5        24         2         5        24         9         5        24        14         5        24        19         5        24        29         5        24        36         5        24        41         5        24        46         5        24        51         5        29         2         5        29         9         5        29        14         5        29        19         5        29        24         5        29        36         5        29        41         5        29        46         5        29        51         5        36         2         5        36         9         5        36        14         5        36        19         5        36        24         5        36        29         5        36        41         5        36        46         5        36        51         5        41         2         5        41         9         5        41        14         5        41        19         5        41        24         5        41        29         5        41        36         5        41        46         5        41        51         5        46         2         5        46         9         5        46        14         5        46        19         5        46        24         5        46        29         5        46        36         5        46        41         5        46        51         5        51         2         5        51         9         5        51        14         5        51        19         5        51        24         5        51        29         5        51        36         5        51        41         5        51        46         5
         1         2       132         4         6      -inf         4        11        15         4        16        15         4        21        15         4        26        15         4        31      -inf         4        33        15         4        38        15         4        43        15         4        48        15         4        53        15         6         4      -inf         6        11        15         6        16        15         6        21        15         6        26        15         6        31        15         6        33      -inf         6        38        15         6        43        15         6        48        15         6        53        15        11         4        15        11         6        15        11        16      -inf        11        21      -inf        11        26        15        11        31        15        11        33        15        11        38        15        11        43        15        11        48        15        11        53      -inf        16         4        15        16         6        15        16        11      -inf        16        21      -inf        16        26        15        16        31        15        16        33        15        16        38        15        16        43        15        16        48        15        16        53      -inf        21         4        15        21         6        15        21        11      -inf        21        16      -inf        21        26        15        21        31        15        21        33        15        21        38        15        21        43        15        21        48        15        21        53      -inf        26         4        15        26         6        15        26        11        15        26        16        15        26        21        15        26        31        15        26        33        15        26        38      -inf        26        43      -inf        26        48        15        26        53        15        31         4      -inf        31         6        15        31        11        15        31        16        15        31        21        15        31        26        15        31        33      -inf        31        38        15        31        43        15        31        48        15        31        53        15        33         4        15        33         6      -inf        33        11        15        33        16        15        33        21        15        33        26        15        33        31      -inf        33        38        15        33        43        15        33        48        15        33        53        15        38         4        15        38         6        15        38        11        15        38        16        15        38        21        15        38        26      -inf        38        31        15        38        33        15        38        43      -inf        38        48        15        38        53        15        43         4        15        43         6        15        43        11        15        43        16        15        43        21        15        43        26      -inf        43        31        15        43        33        15        43        38      -inf        43        48        15        43        53        15        48         4        15        48         6        15        48        11        15        48        16        15        48        21        15        48        26        15        48        31        15        48        33        15        48        38        15        48        43        15        48        53        15        53         4        15        53         6        15        53        11      -inf        53        16      -inf        53        21      -inf        53        26        15        53        31        15        53        33        15        53        38        15        53        43        15        53        48        15
      5000         3       462         1         3      -inf         1         5      -inf         1         8      -inf         1        10      -inf         1        13      -inf         1        15      -inf         1        18      -inf         1        20      -inf         1        23      -inf         1        25      -inf         1        28      -inf         1        30      -inf         1        32      -inf         1        35      -inf         1        37      -inf         1        40      -inf         1        42      -inf         1        45        30         1        47        30         1        50      -inf         1        52      -inf         3         1      -inf         3         5      -inf         3         8      -inf         3        10      -inf         3        13      -inf         3        15      -inf         3        18      -inf         3        20      -inf         3        23      -inf         3        25      -inf         3        28      -inf         3        30      -inf         3        32      -inf         3        35      -inf         3        37      -inf         3        40      -inf         3        42      -inf         3        45        30         3        47        30         3        50      -inf         3        52      -inf         5         1      -inf         5         3      -inf         5         8      -inf         5        10      -inf         5        13      -inf         5        15      -inf         5        18      -inf         5        20      -inf         5        23      -inf         5        25      -inf         5        28      -inf         5        30      -inf         5        32      -inf         5        35      -inf         5        37      -inf         5        40      -inf         5        42      -inf         5        45        30         5        47        30         5        50      -inf         5        52      -inf         8         1      -inf         8         3      -inf         8         5      -inf         8        10      -inf         8        13      -inf         8        15      -inf         8        18      -inf         8        20      -inf         8        23      -inf         8        25      -inf         8        28      -inf         8        30      -inf         8        32      -inf         8        35      -inf         8        37      -inf         8        40      -inf         8        42      -inf         8        45        30         8        47        30         8        50      -inf         8        52      -inf        10         1      -inf        10         3      -inf        10         5      -inf        10         8      -inf        10        13      -inf        10        15      -inf        10        18      -inf        10        20      -inf        10        23      -inf        10        25      -inf        10        28      -inf        10        30      -inf        10        32      -inf        10        35      -inf        10        37      -inf        10        40      -inf        10        42      -inf        10        45        30        10        47        30        10        50      -inf        10        52      -inf        13         1      -inf        13         3      -inf        13         5      -inf        13         8      -inf        13        10      -inf        13        15      -inf        13        18      -inf        13        20      -inf        13        23      -inf        13        25      -inf        13        28      -inf        13        30      -inf        13        32      -inf        13        35      -inf        13        37      -inf        13        40      -inf        13        42      -inf        13        45        30        13        47        30        13        50      -inf        13        52      -inf        15         1      -inf        15         3      -inf        15         5      -inf        15         8      -inf        15        10      -inf        15        13      -inf        15        18      -inf        15        20      -inf        15        23      -inf        15        25      -inf        15        28      -inf        15        30      -inf        15        32      -inf        15        35      -inf        15        37      -inf        15        40      -inf        15        42      -inf        15        45        30        15        47        30        15        50      -inf        15        52      -inf        18         1      -inf        18         3      -inf        18         5      -inf        18         8      -inf        18        10      -inf        18        13      -inf        18        15      -inf        18        20      -inf        18        23      -inf        18        25      -inf        18        28      -inf        18        30      -inf        18        32      -inf        18        35      -inf        18        37      -inf        18        40      -inf        18        42      -inf        18        45        30        18        47        30        18        50      -inf        18        52      -inf        20         1      -inf        20         3      -inf        20         5      -inf        20         8      -inf        20        10      -inf        20        13      -inf        20        15      -inf        20        18      -inf        20        23      -inf        20        25      -inf        20        28      -inf        20        30      -inf        20        32      -inf        20        35      -inf        20        37      -inf        20        40      -inf        20        42      -inf        20        45        30        20        47        30        20        50      -inf        20        52      -inf        23         1      -inf        23         3      -inf        23         5      -inf        23         8      -inf        23        10      -inf        23        13      -inf        23        15      -inf        23        18      -inf        23        20      -inf        23        25      -inf        23        28      -inf        23        30      -inf        23        32      -inf        23        35      -inf        23        37      -inf        23        40      -inf        23        42      -inf        23        45        30        23        47        30        23        50      -inf        23        52      -inf        25         1      -inf        25         3      -inf        25         5      -inf        25         8      -inf        25        10      -inf        25        13      -inf        25        15      -inf        25        18      -inf        25        20      -inf        25        23      -inf        25        28      -inf        25        30      -inf        25        32      -inf        25        35      -inf        25        37      -inf        25        40      -inf        25        42      -inf        25        45        30        25        47        30        25        50      -inf        25        52      -inf        28         1      -inf        28         3      -inf        28         5      -inf        28         8      -inf        28        10      -inf        28        13      -inf        28        15      -inf        28        18      -inf        28        20      -inf        28        23      -inf        28        25      -inf        28        30      -inf        28        32      -inf        28        35      -inf        28        37      -inf        28        40      -inf        28        42      -inf        28        45        30        28        47        30        28        50      -inf        28        52      -inf        30         1      -inf        30         3      -inf        30         5      -inf        30         8      -inf        30        10      -inf        30        13      -inf        30        15      -inf        30        18      -inf        30        20      -inf        30        23      -inf        30        25      -inf        30        28      -inf        30        32      -inf        30        35      -inf        30        37      -inf        30        40      -inf        30        42      -inf        30        45        30        30        47        30        30        50      -inf        30        52      -inf        32         1      -inf        32         3      -inf        32         5      -inf        32         8      -inf        32        10      -inf        32        13      -inf        32        15      -inf        32        18      -inf        32        20      -inf        32        23      -inf        32        25      -inf        32        28      -inf        32        30      -inf        32        35      -inf        32        37      -inf        32        40      -inf        32        42      -inf        32        45        30        32        47        30        32        50      -inf        32        52      -inf        35         1      -inf        35         3      -inf        35         5      -inf        35         8      -inf        35        10      -inf        35        13      -inf        35        15      -inf        35        18      -inf        35        20      -inf        35        23      -inf        35        25      -inf        35        28      -inf        35        30      -inf        35        32      -inf        35        37      -inf        35        40      -inf        35        42      -inf        35        45        30        35        47        30        35        50      -inf        35        52      -inf        37         1      -inf        37         3      -inf        37         5      -inf        37         8      -inf        37        10      -inf        37        13      -inf        37        15      -inf        37        18      -inf        37        20      -inf        37        23      -inf        37        25      -inf        37        28      -inf        37        30      -inf        37        32      -inf        37        35      -inf        37        40      -inf        37        42      -inf        37        45        30        37        47        30        37        50      -inf        37        52      -inf        40         1      -inf        40         3      -inf        40         5      -inf        40         8      -inf        40        10      -inf        40        13      -inf        40        15      -inf        40        18      -inf        40        20      -inf        40        23      -inf        40        25      -inf        40        28      -inf        40        30      -inf        40        32      -inf        40        35      -inf        40        37      -inf        40        42      -inf        40        45        30        40        47        30        40        50      -inf        40        52      -inf        42         1      -inf        42         3      -inf        42         5      -inf        42         8      -inf        42        10      -inf        42        13      -inf        42        15      -inf        42        18      -inf        42        20      -inf        42        23      -inf        42        25      -inf        42        28      -inf        42        30      -inf        42        32      -inf        42        35      -inf        42        37      -inf        42        40      -inf        42        45        30        42        47        30        42        50      -inf        42        52      -inf        45         1        30        45         3        30        45         5        30        45         8        30        45        10        30        45        13        30        45        15        30        45        18        30        45        20        30        45        23        30        45        25        30        45        28        30        45        30        30        45        32        30        45        35        30        45        37        30        45        40        30        45        42        30        45        47      -inf        45        50        30        45        52        30        47         1        30        47         3        30        47         5        30        47         8        30        47        10        30        47        13        30        47        15        30        47        18        30        47        20        30        47        23        30        47        25        30        47        28        30        47        30        30        47        32        30        47        35        30        47        37        30        47        40        30        47        42        30        47        45      -inf        47        50        30        47        52        30        50         1      -inf        50         3      -inf        50         5      -inf        50         8      -inf        50        10      -inf        50        13      -inf        50        15      -inf        50        18      -inf        50        20      -inf        50        23      -inf        50        25      -inf        50        28      -inf        50        30      -inf        50        32      -inf        50        35      -inf        50        37      -inf        50        40      -inf        50        42      -inf        50        45        30        50        47        30        50        52      -inf        52         1      -inf        52         3      -inf        52         5      -inf        52         8      -inf        52        10      -inf        52        13      -inf        52        15      -inf        52        18      -inf        52        20      -inf        52        23      -inf        52        25      -inf        52        28      -inf        52        30      -inf        52        32      -inf        52        35      -inf        52        37      -inf        52        40      -inf        52        42      -inf        52        45        30        52        47        30        52        50      -inf
      5000         3       462         1         3      -inf         1         5      -inf         1         8      -inf         1        10      -inf         1        13      -inf         1        15      -inf         1        18      -inf         1        20      -inf         1        23      -inf         1        25      -inf         1        28      -inf         1        30      -inf         1        32      -inf         1        35      -inf         1        37      -inf         1        40      -inf         1        42      -inf         1        45        30         1        47        30         1        50      -inf         1        52      -inf         3         1      -inf         3         5      -inf         3         8      -inf         3        10      -inf         3        13      -inf         3        15      -inf         3        18      -inf         3        20      -inf         3        23      -inf         3        25      -inf         3        28      -inf         3        30      -inf         3        32      -inf         3        35      -inf         3        37      -inf         3        40      -inf         3        42      -inf         3        45        30         3        47        30         3        50      -inf         3        52      -inf         5         1      -inf         5         3      -inf         5         8      -inf         5        10      -inf         5        13      -inf         5        15      -inf         5        18      -inf         5        20      -inf         5        23      -inf         5        25      -inf         5        28      -inf         5        30      -inf         5        32      -inf         5        35      -inf         5        37      -inf         5        40      -inf         5        42      -inf         5        45        30         5        47        30         5        50      -inf         5        52      -inf         8         1      -inf         8         3      -inf         8         5      -inf         8        10      -inf         8        13      -inf         8        15      -inf         8        18      -inf         8        20      -inf         8        23      -inf         8        25      -inf         8        28      -inf         8        30      -inf         8        32      -inf         8        35      -inf         8        37      -inf         8        40      -inf         8        42      -inf         8        45        30         8        47        30         8        50      -inf         8        52      -inf        10         1      -inf        10         3      -inf        10         5      -inf        10         8      -inf        10        13      -inf        10        15      -inf        10        18      -inf        10        20      -inf        10        23      -inf        10        25      -inf        10        28      -inf        10        30      -inf        10        32      -inf        10        35      -inf        10        37      -inf        10        40      -inf        10        42      -inf        10        45        30        10        47        30        10        50      -inf        10        52      -inf        13         1      -inf        13         3      -inf        13         5      -inf        13         8      -inf        13        10      -inf        13        15      -inf        13        18      -inf        13        20      -inf        13        23      -inf        13        25      -inf        13        28      -inf        13        30      -inf        13        32      -inf        13        35      -inf        13        37      -inf        13        40      -inf        13        42      -inf        13        45        30        13        47        30        13        50      -inf        13        52      -inf        15         1      -inf        15         3      -inf        15         5      -inf        15         8      -inf        15        10      -inf        15        13      -inf        15        18      -inf        15        20      -inf        15        23      -inf        15        25      -inf        15        28      -inf        15        30      -inf        15        32      -inf        15        35      -inf        15        37      -inf        15        40      -inf        15        42      -inf        15        45        30        15        47        30        15        50      -inf        15        52      -inf        18         1      -inf        18         3      -inf        18         5      -inf        18         8      -inf        18        10      -inf        18        13      -inf        18        15      -inf        18        20      -inf        18        23      -inf        18        25      -inf        18        28      -inf        18        30      -inf        18        32      -inf        18        35      -inf        18        37      -inf        18        40      -inf        18        42      -inf        18        45        30        18        47        30        18        50      -inf        18        52      -inf        20         1      -inf        20         3      -inf        20         5      -inf        20         8      -inf        20        10      -inf        20        13      -inf        20        15      -inf        20        18      -inf        20        23      -inf        20        25      -inf        20        28      -inf        20        30      -inf        20        32      -inf        20        35      -inf        20        37      -inf        20        40      -inf        20        42      -inf        20        45        30        20        47        30        20        50      -inf        20        52      -inf        23         1      -inf        23         3      -inf        23         5      -inf        23         8      -inf        23        10      -inf        23        13      -inf        23        15      -inf        23        18      -inf        23        20      -inf        23        25      -inf        23        28      -inf        23        30      -inf        23        32      -inf        23        35      -inf        23        37      -inf        23        40      -inf        23        42      -inf        23        45        30        23        47        30        23        50      -inf        23        52      -inf        25         1      -inf        25         3      -inf        25         5      -inf        25         8      -inf        25        10      -inf        25        13      -inf        25        15      -inf        25        18      -inf        25        20      -inf        25        23      -inf        25        28      -inf        25        30      -inf        25        32      -inf        25        35      -inf        25        37      -inf        25        40      -inf        25        42      -inf        25        45        30        25        47        30        25        50      -inf        25        52      -inf        28         1      -inf        28         3      -inf        28         5      -inf        28         8      -inf        28        10      -inf        28        13      -inf        28        15      -inf        28        18      -inf        28        20      -inf        28        23      -inf        28        25      -inf        28        30      -inf        28        32      -inf        28        35      -inf        28        37      -inf        28        40      -inf        28        42      -inf        28        45        30        28        47        30        28        50      -inf        28        52      -inf        30         1      -inf        30         3      -inf        30         5      -inf        30         8      -inf        30        10      -inf        30        13      -inf        30        15      -inf        30        18      -inf        30        20      -inf        30        23      -inf        30        25      -inf        30        28      -inf        30        32      -inf        30        35      -inf        30        37      -inf        30        40      -inf        30        42      -inf        30        45        30        30        47        30        30        50      -inf        30        52      -inf        32         1      -inf        32         3      -inf        32         5      -inf        32         8      -inf        32        10      -inf        32        13      -inf        32        15      -inf        32        18      -inf        32        20      -inf        32        23      -inf        32        25      -inf        32        28      -inf        32        30      -inf        32        35      -inf        32        37      -inf        32        40      -inf        32        42      -inf        32        45        30        32        47        30        32        50      -inf        32        52      -inf        35         1      -inf        35         3      -inf        35         5      -inf        35         8      -inf        35        10      -inf        35        13      -inf        35        15      -inf        35        18      -inf        35        20      -inf        35        23      -inf        35        25      -inf        35        28      -inf        35        30      -inf        35        32      -inf        35        37      -inf        35        40      -inf        35        42      -inf        35        45        30        35        47        30        35        50      -inf        35        52      -inf        37         1      -inf        37         3      -inf        37         5      -inf        37         8      -inf        37        10      -inf        37        13      -inf        37        15      -inf        37        18      -inf        37        20      -inf        37        23      -inf        37        25      -inf        37        28      -inf        37        30      -inf        37        32      -inf        37        35      -inf        37        40      -inf        37        42      -inf        37        45        30        37        47        30        37        50      -inf        37        52      -inf        40         1      -inf        40         3      -inf        40         5      -inf        40         8      -inf        40        10      -inf        40        13      -inf        40        15      -inf        40        18      -inf        40        20      -inf        40        23      -inf        40        25      -inf        40        28      -inf        40        30      -inf        40        32      -inf        40        35      -inf        40        37      -inf        40        42      -inf        40        45        30        40        47        30        40        50      -inf        40        52      -inf        42         1      -inf        42         3      -inf        42         5      -inf        42         8      -inf        42        10      -inf        42        13      -inf        42        15      -inf        42        18      -inf        42        20      -inf        42        23      -inf        42        25      -inf        42        28      -inf        42        30      -inf        42        32      -inf        42        35      -inf        42        37      -inf        42        40      -inf        42        45        30        42        47        30        42        50      -inf        42        52      -inf        45         1        30        45         3        30        45         5        30        45         8        30        45        10        30        45        13        30        45        15        30        45        18        30        45        20        30        45        23        30        45        25        30        45        28        30        45        30        30        45        32        30        45        35        30        45        37        30        45        40        30        45        42        30        45        47      -inf        45        50        30        45        52        30        47         1        30        47         3        30        47         5        30        47         8        30        47        10        30        47        13        30        47        15        30        47        18        30        47        20        30        47        23        30        47        25        30        47        28        30        47        30        30        47        32        30        47        35        30        47        37        30        47        40        30        47        42        30        47        45      -inf        47        50        30        47        52        30        50         1      -inf        50         3      -inf        50         5      -inf        50         8      -inf        50        10      -inf        50        13      -inf        50        15      -inf        50        18      -inf        50        20      -inf        50        23      -inf        50        25      -inf        50        28      -inf        50        30      -inf        50        32      -inf        50        35      -inf        50        37      -inf        50        40      -inf        50        42      -inf        50        45        30        50        47        30        50        52      -inf        52         1      -inf        52         3      -inf        52         5      -inf        52         8      -inf        52        10      -inf        52        13      -inf        52        15      -inf        52        18      -inf        52        20      -inf        52        23      -inf        52        25      -inf        52        28      -inf        52        30      -inf        52        32      -inf        52        35      -inf        52        37      -inf        52        40      -inf        52        42      -inf        52        45        30        52        47        30        52        50      -inf
      5000         3       462         1         3      -inf         1         5      -inf         1         8      -inf         1        10      -inf         1        13      -inf         1        15      -inf         1        18      -inf         1        20      -inf         1        23      -inf         1        25      -inf         1        28      -inf         1        30      -inf         1        32      -inf         1        35      -inf         1        37      -inf         1        40      -inf         1        42      -inf         1        45        30         1        47        30         1        50      -inf         1        52      -inf         3         1      -inf         3         5      -inf         3         8      -inf         3        10      -inf         3        13      -inf         3        15      -inf         3        18      -inf         3        20      -inf         3        23      -inf         3        25      -inf         3        28      -inf         3        30      -inf         3        32      -inf         3        35      -inf         3        37      -inf         3        40      -inf         3        42      -inf         3        45        30         3        47        30         3        50      -inf         3        52      -inf         5         1      -inf         5         3      -inf         5         8      -inf         5        10      -inf         5        13      -inf         5        15      -inf         5        18      -inf         5        20      -inf         5        23      -inf         5        25      -inf         5        28      -inf         5        30      -inf         5        32      -inf         5        35      -inf         5        37      -inf         5        40      -inf         5        42      -inf         5        45        30         5        47        30         5        50      -inf         5        52      -inf         8         1      -inf         8         3      -inf         8         5      -inf         8        10      -inf         8        13      -inf         8        15      -inf         8        18      -inf         8        20      -inf         8        23      -inf         8        25      -inf         8        28      -inf         8        30      -inf         8        32      -inf         8        35      -inf         8        37      -inf         8        40      -inf         8        42      -inf         8        45        30         8        47        30         8        50      -inf         8        52      -inf        10         1      -inf        10         3      -inf        10         5      -inf        10         8      -inf        10        13      -inf        10        15      -inf        10        18      -inf        10        20      -inf        10        23      -inf        10        25      -inf        10        28      -inf        10        30      -inf        10        32      -inf        10        35      -inf        10        37      -inf        10        40      -inf        10        42      -inf        10        45        30        10        47        30        10        50      -inf        10        52      -inf        13         1      -inf        13         3      -inf        13         5      -inf        13         8      -inf        13        10      -inf        13        15      -inf        13        18      -inf        13        20      -inf        13        23      -inf        13        25      -inf        13        28      -inf        13        30      -inf        13        32      -inf        13        35      -inf        13        37      -inf        13        40      -inf        13        42      -inf        13        45        30        13        47        30        13        50      -inf        13        52      -inf        15         1      -inf        15         3      -inf        15         5      -inf        15         8      -inf        15        10      -inf        15        13      -inf        15        18      -inf        15        20      -inf        15        23      -inf        15        25      -inf        15        28      -inf        15        30      -inf        15        32      -inf        15        35      -inf        15        37      -inf        15        40      -inf        15        42      -inf        15        45        30        15        47        30        15        50      -inf        15        52      -inf        18         1      -inf        18         3      -inf        18         5      -inf        18         8      -inf        18        10      -inf        18        13      -inf        18        15      -inf        18        20      -inf        18        23      -inf        18        25      -inf        18        28      -inf        18        30      -inf        18        32      -inf        18        35      -inf        18        37      -inf        18        40      -inf        18        42      -inf        18        45        30        18        47        30        18        50      -inf        18        52      -inf        20         1      -inf        20         3      -inf        20         5      -inf        20         8      -inf        20        10      -inf        20        13      -inf        20        15      -inf        20        18      -inf        20        23      -inf        20        25      -inf        20        28      -inf        20        30      -inf        20        32      -inf        20        35      -inf        20        37      -inf        20        40      -inf        20        42      -inf        20        45        30        20        47        30        20        50      -inf        20        52      -inf        23         1      -inf        23         3      -inf        23         5      -inf        23         8      -inf        23        10      -inf        23        13      -inf        23        15      -inf        23        18      -inf        23        20      -inf        23        25      -inf        23        28      -inf        23        30      -inf        23        32      -inf        23        35      -inf        23        37      -inf        23        40      -inf        23        42      -inf        23        45        30        23        47        30        23        50      -inf        23        52      -inf        25         1      -inf        25         3      -inf        25         5      -inf        25         8      -inf        25        10      -inf        25        13      -inf        25        15      -inf        25        18      -inf        25        20      -inf        25        23      -inf        25        28      -inf        25        30      -inf        25        32      -inf        25        35      -inf        25        37      -inf        25        40      -inf        25        42      -inf        25        45        30        25        47        30        25        50      -inf        25        52      -inf        28         1      -inf        28         3      -inf        28         5      -inf        28         8      -inf        28        10      -inf        28        13      -inf        28        15      -inf        28        18      -inf        28        20      -inf        28        23      -inf        28        25      -inf        28        30      -inf        28        32      -inf        28        35      -inf        28        37      -inf        28        40      -inf        28        42      -inf        28        45        30        28        47        30        28        50      -inf        28        52      -inf        30         1      -inf        30         3      -inf        30         5      -inf        30         8      -inf        30        10      -inf        30        13      -inf        30        15      -inf        30        18      -inf        30        20      -inf        30        23      -inf        30        25      -inf        30        28      -inf        30        32      -inf        30        35      -inf        30        37      -inf        30        40      -inf        30        42      -inf        30        45        30        30        47        30        30        50      -inf        30        52      -inf        32         1      -inf        32         3      -inf        32         5      -inf        32         8      -inf        32        10      -inf        32        13      -inf        32        15      -inf        32        18      -inf        32        20      -inf        32        23      -inf        32        25      -inf        32        28      -inf        32        30      -inf        32        35      -inf        32        37      -inf        32        40      -inf        32        42      -inf        32        45        30        32        47        30        32        50      -inf        32        52      -inf        35         1      -inf        35         3      -inf        35         5      -inf        35         8      -inf        35        10      -inf        35        13      -inf        35        15      -inf        35        18      -inf        35        20      -inf        35        23      -inf        35        25      -inf        35        28      -inf        35        30      -inf        35        32      -inf        35        37      -inf        35        40      -inf        35        42      -inf        35        45        30        35        47        30        35        50      -inf        35        52      -inf        37         1      -inf        37         3      -inf        37         5      -inf        37         8      -inf        37        10      -inf        37        13      -inf        37        15      -inf        37        18      -inf        37        20      -inf        37        23      -inf        37        25      -inf        37        28      -inf        37        30      -inf        37        32      -inf        37        35      -inf        37        40      -inf        37        42      -inf        37        45        30        37        47        30        37        50      -inf        37        52      -inf        40         1      -inf        40         3      -inf        40         5      -inf        40         8      -inf        40        10      -inf        40        13      -inf        40        15      -inf        40        18      -inf        40        20      -inf        40        23      -inf        40        25      -inf        40        28      -inf        40        30      -inf        40        32      -inf        40        35      -inf        40        37      -inf        40        42      -inf        40        45        30        40        47        30        40        50      -inf        40        52      -inf        42         1      -inf        42         3      -inf        42         5      -inf        42         8      -inf        42        10      -inf        42        13      -inf        42        15      -inf        42        18      -inf        42        20      -inf        42        23      -inf        42        25      -inf        42        28      -inf        42        30      -inf        42        32      -inf        42        35      -inf        42        37      -inf        42        40      -inf        42        45        30        42        47        30        42        50      -inf        42        52      -inf        45         1        30        45         3        30        45         5        30        45         8        30        45        10        30        45        13        30        45        15        30        45        18        30        45        20        30        45        23        30        45        25        30        45        28        30        45        30        30        45        32        30        45        35        30        45        37        30        45        40        30        45        42        30        45        47      -inf        45        50        30        45        52        30        47         1        30        47         3        30        47         5        30        47         8        30        47        10        30        47        13        30        47        15        30        47        18        30        47        20        30        47        23        30        47        25        30        47        28        30        47        30        30        47        32        30        47        35        30        47        37        30        47        40        30        47        42        30        47        45      -inf        47        50        30        47        52        30        50         1      -inf        50         3      -inf        50         5      -inf        50         8      -inf        50        10      -inf        50        13      -inf        50        15      -inf        50        18      -inf        50        20      -inf        50        23      -inf        50        25      -inf        50        28      -inf        50        30      -inf        50        32      -inf        50        35      -inf        50        37      -inf        50        40      -inf        50        42      -inf        50        45        30        50        47        30        50        52      -inf        52         1      -inf        52         3      -inf        52         5      -inf        52         8      -inf        52        10      -inf        52        13      -inf        52        15      -inf        52        18      -inf        52        20      -inf        52        23      -inf        52        25      -inf        52        28      -inf        52        30      -inf        52        32      -inf        52        35      -inf        52        37      -inf        52        40      -inf        52        42      -inf        52        45        30        52        47        30        52        50      -inf

